0_Avg-Duration_s,0_Min-Duration_s,0_Max-Duration_s,0_Median-Duration_s,0_MainRank-Duration_s
0.006763389,0.0067009,0.0068437,0.006760015,0.0067009
0.006772955,0.0067245,0.00684782,0.006754335,0.00674099
0.00677063,0.00670623,0.00692407,0.00675531,0.00670623
0.006756394,0.00670466,0.00680551,0.00676908,0.00671413
0.00676538,0.0067012,0.00683413,0.00676813,0.00674874
0.00677941,0.00670716,0.0069222,0.006758495,0.00685463
0.006777438,0.00670081,0.00686456,0.006777395,0.00682288
0.006776261,0.00669029,0.00691523,0.00677551,0.00681756
0.006762939,0.00667876,0.00697348,0.006745815,0.00676672
0.006733735,0.00667515,0.00683452,0.00672504,0.00667515
0.00674762,0.00668239,0.00683794,0.006743495,0.00668239
0.00675664,0.00668624,0.0069094,0.00674874,0.0067599
0.006754163,0.00667278,0.00697392,0.006728185,0.00671526
0.006762305,0.0066777,0.00691161,0.00672537,0.0067108
0.006735405,0.00665768,0.0069649,0.00670373,0.00669563
0.006750754,0.00665336,0.00698753,0.00671287,0.00670263
0.006722106,0.00664988,0.00682994,0.006724445,0.00674412
0.006771402,0.00667203,0.00705768,0.006711275,0.00690265
0.006696216,0.00663668,0.00673779,0.006701605,0.00669626
0.006740048,0.00663689,0.00702066,0.00669061,0.00663689
0.00672187,0.0066449,0.0068632,0.006701115,0.00674553
0.006718863,0.00664523,0.00677269,0.006727185,0.00675215
0.006762978,0.00663812,0.00697669,0.006727255,0.00672127
0.006724235,0.00666401,0.00682384,0.006709195,0.00667822
0.006692766,0.00663975,0.00676137,0.006696665,0.00676137
0.006750826,0.00664457,0.0069975,0.006727105,0.00679158
0.006702466,0.00663924,0.00674192,0.006702965,0.00674192
0.00676842,0.00665495,0.00699927,0.006714675,0.00688575
0.006742971,0.00664397,0.00685137,0.006717995,0.00682843
0.006704075,0.00663693,0.00681856,0.006684335,0.00665434
0.006848706,0.00663121,0.00752939,0.006704305,0.00668505
0.006788899,0.00663421,0.00699601,0.00673669,0.0068553
0.006731311,0.00662184,0.00701375,0.006673475,0.00668559
0.006770548,0.00662698,0.0069912,0.006718,0.00674007
0.006693801,0.0066446,0.00682057,0.006680925,0.0066446
0.006767295,0.00660796,0.00695614,0.006745835,0.00685887
0.006748534,0.00661534,0.00713688,0.0067068,0.00661534
0.006853742,0.00664644,0.0076121,0.006698695,0.00669506
0.006703896,0.00663363,0.00683087,0.006688825,0.00664977
0.00670423,0.00661037,0.00697834,0.00667168,0.00672469
0.006675675,0.00661931,0.0067428,0.006654195,0.00663619
0.006720152,0.00661199,0.00699098,0.00666891,0.00663337
0.006714039,0.00661865,0.00696565,0.006682415,0.00665858
0.006680764,0.00661237,0.0067514,0.00668611,0.0067112
0.006705925,0.00661881,0.00684945,0.006669295,0.0066574
0.006739506,0.00661027,0.00690531,0.006733965,0.00661027
0.006746786,0.00663324,0.00709329,0.006679175,0.00709329
0.006700065,0.00663249,0.00683942,0.00666948,0.00671999
0.006711786,0.00663616,0.00704479,0.006664785,0.00704479
0.006709524,0.00663098,0.00697085,0.006672675,0.00670592
0.006697065,0.0066124,0.00678704,0.006706955,0.00663915
0.006708364,0.00663873,0.00687449,0.00668728,0.00675189
0.006772914,0.00661773,0.00753974,0.006674195,0.00668506
0.00671297,0.0066211,0.00692753,0.006668215,0.00664347
0.006709451,0.00659796,0.00696964,0.00667671,0.00671529
0.006778659,0.00660494,0.00711741,0.006698165,0.00671358
0.00677985,0.00660828,0.00738031,0.00670357,0.00675327
0.006702085,0.00662412,0.00697513,0.006665025,0.00662412
0.006678736,0.00662779,0.00675576,0.00668002,0.00670267
0.006687366,0.00663198,0.00689429,0.006666335,0.00667582
0.006695597,0.00661197,0.00693345,0.00665602,0.00670339
0.00671581,0.00664983,0.00695586,0.006675635,0.00667408
0.006674326,0.00662698,0.00683523,0.00665225,0.00683523
0.006730201,0.00663234,0.00696542,0.006698515,0.00672328
0.006677771,0.00662369,0.00677394,0.006657535,0.00677394
0.006686017,0.00662746,0.0067538,0.00667793,0.0067538
0.006691004,0.00660742,0.00677604,0.00670211,0.00660742
0.006704623,0.00660662,0.0069455,0.00666914,0.00660662
0.006663824,0.00660875,0.00671204,0.006667235,0.00671204
0.006674697,0.00662624,0.00674786,0.006679755,0.00668343
0.006685488,0.00660401,0.00685212,0.00667516,0.00660401
0.006813241,0.00661494,0.00713077,0.00672434,0.00713077
0.006750907,0.00662581,0.00721857,0.006680345,0.00678151
0.00667717,0.00662081,0.0068177,0.006652465,0.0068177
0.006729904,0.0066299,0.00697866,0.006697625,0.00672094
0.006664014,0.00661243,0.00670429,0.00667655,0.00669878
0.0066722,0.00660072,0.00676283,0.006667685,0.00666667
0.006673611,0.006596,0.0067117,0.006689605,0.00669095
0.006664803,0.00660312,0.00672329,0.00666616,0.00669467
0.006731334,0.00660771,0.00728009,0.00665206,0.00661714
0.006735584,0.00663038,0.00697874,0.006683485,0.00671577
0.006698652,0.00660775,0.0070345,0.0066692,0.00667283
0.006669091,0.00659282,0.00677858,0.006657155,0.00672394
0.00668398,0.00661184,0.00678435,0.006681955,0.00669531
0.006708924,0.00660608,0.00700594,0.00666889,0.00660608
0.006696041,0.00659397,0.00696018,0.006665525,0.00659397
0.006655369,0.00659509,0.00674016,0.006650345,0.00659713
0.006693749,0.00658712,0.00695844,0.006651425,0.00661172
0.00676506,0.00659377,0.00757878,0.006668365,0.00660941
0.006692296,0.00658849,0.00691353,0.006659685,0.00662006
0.006783818,0.00660391,0.00718096,0.006742725,0.00673126
0.00668921,0.00660996,0.0068203,0.00667119,0.00677153
0.006659522,0.0066065,0.00671206,0.006658375,0.00662904
0.006699892,0.00661431,0.00685668,0.006667505,0.00663095
0.006752563,0.00660031,0.00704018,0.006682795,0.00674406
0.006668561,0.00658634,0.00677643,0.006660685,0.00673037
0.006655266,0.006608,0.00669827,0.006662115,0.00661169
0.006696296,0.00660084,0.00695875,0.006669315,0.00665184
0.0066464,0.0066154,0.00667971,0.00664627,0.00663825
0.006660459,0.00662642,0.00674251,0.0066568,0.00663387
0.006749406,0.00669052,0.00681784,0.00673877,0.00673045
0.006769649,0.0066949,0.00693372,0.006747865,0.00672815
0.006747342,0.00668281,0.0068146,0.00674476,0.00671461
0.006761755,0.00670229,0.00686837,0.00674629,0.0067153
0.006779774,0.00669391,0.00690222,0.006763065,0.00674817
0.006745046,0.00668524,0.00683112,0.00673793,0.00670351
0.00677401,0.00667021,0.00686745,0.006761165,0.00681443
0.00674693,0.0066501,0.00697099,0.00670068,0.00684581
0.006730137,0.00666711,0.0068533,0.006720965,0.00674478
0.006774234,0.00667412,0.00700494,0.006733015,0.00684948
0.006743866,0.00665391,0.00700143,0.00669889,0.00700143
0.006738844,0.00666408,0.00688781,0.00672255,0.00670159
0.006739164,0.00665407,0.00691149,0.006715095,0.00673102
0.006693546,0.00664754,0.00675109,0.00668619,0.00674561
0.006731646,0.00666178,0.00685623,0.00670559,0.00668162
0.006749944,0.00666698,0.00695931,0.006724305,0.00680092
0.006815733,0.00663842,0.00726246,0.006727665,0.00672801
0.00672992,0.00667699,0.00685292,0.00672401,0.00670501
0.006745565,0.00663678,0.00692648,0.006708165,0.00672272
0.006756756,0.0066309,0.00689528,0.00674878,0.00674071
0.006765201,0.00664911,0.00718045,0.006732155,0.00675967
0.006717168,0.00665046,0.0068388,0.006702775,0.00669676
0.006742034,0.0066313,0.00696735,0.006690085,0.00680067
0.006719501,0.00663658,0.00682156,0.00670863,0.0067862
0.006689175,0.00664228,0.00674999,0.006683,0.00674999
0.006723202,0.00662584,0.00685868,0.00669272,0.00680645
0.006741874,0.00662751,0.00693934,0.006730145,0.00680111
0.006694022,0.00662247,0.00683306,0.006660845,0.00663256
0.006787522,0.00662234,0.00744614,0.006682785,0.00668353
0.006735783,0.00662173,0.00687596,0.006735835,0.00677521
0.006720446,0.00661823,0.00683211,0.00670171,0.00683211
0.006809511,0.00662464,0.00726115,0.006707525,0.00674746
0.006728664,0.00660401,0.00698724,0.00668878,0.00663657
0.006671506,0.00662597,0.00675105,0.006654545,0.00665176
0.006737142,0.0066351,0.00685056,0.006730725,0.00685056
0.006732136,0.00664222,0.00697591,0.006705605,0.00671695
0.006727979,0.00661075,0.00689394,0.006718865,0.00676108
0.006738604,0.00662794,0.0070889,0.006702065,0.00663977
0.006730371,0.00661273,0.00686878,0.006712135,0.00665261
0.006750294,0.0066231,0.00690641,0.006726175,0.00686027
0.006720016,0.00661435,0.00688957,0.00669821,0.00688957
0.006684731,0.0066176,0.00691842,0.006653105,0.00665025
0.006686264,0.00659817,0.00682803,0.006671845,0.00664086
0.006681553,0.00660139,0.0067922,0.006667095,0.0066502
0.006731597,0.0066087,0.00698276,0.00669355,0.00666696
0.006737508,0.00661206,0.00695762,0.00668725,0.00666
0.006758413,0.00660866,0.00726157,0.006682725,0.00661872
0.006728683,0.00659828,0.00689495,0.006704385,0.00670472
0.00673354,0.006623,0.00691014,0.00674505,0.0066465
0.006660345,0.0066051,0.00676137,0.00665001,0.00665044
0.006789325,0.00659321,0.00728748,0.006719465,0.00666848
0.006736755,0.00663359,0.00686599,0.006754075,0.00667251
0.006721079,0.00659438,0.00684837,0.006720485,0.00670728
0.006741765,0.0066177,0.00700511,0.00672778,0.00669167
0.006660745,0.00660129,0.00674975,0.00664671,0.00662157
0.00670771,0.00661621,0.00688257,0.00666859,0.00667589
0.006728806,0.0066276,0.00709498,0.006672245,0.00668414
0.006789721,0.00661357,0.00749588,0.0067057,0.00663388
0.006696121,0.00660594,0.00679664,0.006690525,0.00667842
0.006778796,0.00661427,0.00699377,0.00677781,0.00682635
0.00665831,0.0065721,0.00673157,0.00664743,0.00665403
0.006709305,0.00660489,0.00699017,0.006680965,0.00699017
0.006707622,0.00660883,0.00691795,0.006677795,0.00678793
0.006736244,0.00659174,0.00691618,0.006725495,0.00671204
0.006736834,0.00661343,0.00687989,0.006701965,0.00685311
0.00670528,0.00662756,0.00688705,0.006669875,0.00663238
0.006752338,0.00662502,0.00709026,0.00667669,0.00668633
0.006703897,0.00659697,0.00680678,0.006714045,0.00675372
0.006671686,0.00660024,0.00678432,0.006656465,0.00665758
0.006683689,0.00663251,0.00675972,0.006672285,0.00673008
0.006702689,0.00660575,0.00685049,0.00671084,0.00674833
0.006716227,0.00659221,0.00684652,0.0067213,0.00676333
0.006875688,0.00660238,0.00768454,0.00675751,0.00669814
0.00672896,0.00661285,0.00686407,0.00671364,0.00670751
0.006701973,0.00658807,0.00691804,0.00669035,0.00671558
0.00671316,0.00661823,0.00699412,0.00668373,0.00699412
0.006765639,0.00662576,0.00710054,0.006709385,0.00676406
0.006791049,0.0066209,0.00698501,0.006772935,0.00673999
0.006782724,0.00661791,0.00715633,0.00670651,0.00677928
0.006752596,0.00661157,0.00693441,0.006711425,0.00671601
0.006684104,0.00659763,0.00675325,0.00668892,0.00675325
0.0067388,0.00661662,0.00697965,0.0066966,0.00668034
0.006684644,0.00660003,0.00677648,0.00668568,0.00672086
0.00673055,0.00659591,0.00696036,0.00667709,0.00661517
0.006753089,0.0065949,0.00695637,0.00675913,0.00678068
0.006693088,0.00660657,0.00687601,0.006679275,0.00672737
0.006703241,0.00662046,0.00678799,0.006694425,0.00672801
0.006756235,0.00659699,0.007012,0.00673788,0.00664454
0.006721252,0.00661474,0.00690586,0.00668964,0.00668475
0.006794328,0.00661766,0.00751598,0.006711925,0.00670596
0.006678064,0.0065862,0.00681844,0.006654575,0.00667416
0.006732609,0.00659898,0.00698557,0.006674865,0.00667208
0.006677214,0.00662541,0.00683026,0.0066525,0.00667021
0.006691139,0.00659542,0.00682666,0.006658735,0.00674265
0.006835098,0.0065861,0.00776347,0.006678965,0.00696372
0.006738158,0.00659842,0.00691644,0.00672671,0.00671647
0.006710586,0.00661793,0.00707402,0.006634365,0.00664291
0.006708469,0.00660788,0.00678158,0.006735065,0.00671399
0.006750675,0.00659664,0.00737304,0.006658095,0.00669326
0.006737935,0.00663381,0.0069734,0.006732985,0.00675133
0.006746962,0.00670643,0.00679045,0.00674591,0.00671505
0.006775135,0.00670703,0.0069199,0.00676041,0.00670703
0.006743831,0.00668879,0.00680538,0.006749145,0.00670193
0.006779649,0.00668559,0.00684175,0.006801545,0.00683527
0.006732834,0.00667921,0.00678753,0.00673916,0.00670269
0.006768598,0.00668467,0.00712811,0.006719225,0.00668467
0.006748544,0.00666482,0.00685287,0.006742075,0.00668853
0.006755655,0.00665334,0.0068505,0.006769645,0.0068505
0.00675196,0.00669185,0.00690765,0.006733975,0.00669185
0.006712905,0.00667471,0.00675821,0.00671243,0.00667471
0.00671549,0.00666616,0.00676437,0.00670904,0.00671372
0.006750894,0.00667074,0.00690171,0.00674156,0.0066865
0.006719066,0.00666866,0.00684513,0.006692975,0.00667205
0.006852516,0.00664112,0.00764187,0.00670927,0.00665661
0.006756347,0.00665328,0.00699134,0.0067401,0.00665486
0.00669864,0.00662683,0.0067699,0.00670073,0.00673504
0.006731968,0.00663583,0.00697141,0.006673395,0.00664736
0.006726821,0.00665286,0.00701353,0.006692015,0.00665286
0.006774143,0.00663837,0.00716478,0.006703155,0.00663837
0.00668871,0.00664335,0.00675898,0.006685595,0.00664335
0.006684559,0.006632,0.00673178,0.00669036,0.00663584
0.006752324,0.00665251,0.00703561,0.006711765,0.00683207
0.00668678,0.0066167,0.00679038,0.00667073,0.00664159
0.006839616,0.00664832,0.00747619,0.0067065,0.0066845
0.006729336,0.00662241,0.00691136,0.00672113,0.00673789
0.00671145,0.00662411,0.00687301,0.006698335,0.00670781
0.006678034,0.00663037,0.0067912,0.006665985,0.0066375
0.006695646,0.00663146,0.00686547,0.00667709,0.0066405
0.006691265,0.00662115,0.00675753,0.00669605,0.00662115
0.00675851,0.00661742,0.00726039,0.00671808,0.00661742
0.006712372,0.00663448,0.00684149,0.006689525,0.00669578
0.006726491,0.00664614,0.00692846,0.0066923,0.00676673
0.00682714,0.00664014,0.00762861,0.00669916,0.00668514
0.006693151,0.00662195,0.00685923,0.00668557,0.00662195
0.00681574,0.00663725,0.00721205,0.006739565,0.00664844
0.006691996,0.00661259,0.00681299,0.00667481,0.00661259
0.006706497,0.00661913,0.00691887,0.006671725,0.00662594
0.006708848,0.00662297,0.00682387,0.00671467,0.00662297
0.006720024,0.00661436,0.00691097,0.00671293,0.00661436
0.006679809,0.00660742,0.00679022,0.00666376,0.00660742
0.006712427,0.00661611,0.00684062,0.0066705,0.00661611
0.006731767,0.00661343,0.00691656,0.00670218,0.00685345
0.006687291,0.00660995,0.0068053,0.00667244,0.00660995
0.006703326,0.00660751,0.00684229,0.00669309,0.00660751
0.006737681,0.00662357,0.0069665,0.006712865,0.00668282
0.006723196,0.00661768,0.00699149,0.006674185,0.00666822
0.006683693,0.00661474,0.00686781,0.006647345,0.00661474
0.006716529,0.00661643,0.00699456,0.006691375,0.0066254
0.006726246,0.00660814,0.00706227,0.006680655,0.00660814
0.006690812,0.00662197,0.00686272,0.00666424,0.00662825
0.006744657,0.00660487,0.00715556,0.00666847,0.00660487
0.006685328,0.00661811,0.00679069,0.00667494,0.00662643
0.006701438,0.00660998,0.00677124,0.00671382,0.00675175
0.006686026,0.00660703,0.00687633,0.006671945,0.00660703
0.006679589,0.00660992,0.00678036,0.00666757,0.00662812
0.006757633,0.00659962,0.00734244,0.00667183,0.00659962
0.006681289,0.00660594,0.00679908,0.006681895,0.00660594
0.006700825,0.00661312,0.00691001,0.006678645,0.00661312
0.006735859,0.00664476,0.00707777,0.00668542,0.00664507
0.00668033,0.00659688,0.00681623,0.00664294,0.00659688
0.006716935,0.00661137,0.00692112,0.0066961,0.00671776
0.006701001,0.00659175,0.00694243,0.006646405,0.00659175
0.006688316,0.00660347,0.0069575,0.00665555,0.00660347
0.006693474,0.00659738,0.00697369,0.00665482,0.00659738
0.006696935,0.00660324,0.00680614,0.00669375,0.00660324
0.00670803,0.00660115,0.00698513,0.00667718,0.00660115
0.00672135,0.00660501,0.00686814,0.00671971,0.00660501
0.006663653,0.00660106,0.00676243,0.006658135,0.00660106
0.006677319,0.00659852,0.00683447,0.00666005,0.00659852
0.006686565,0.00661284,0.00685453,0.00667,0.00661846
0.006697354,0.00659579,0.00683101,0.00668437,0.00659579
0.006683523,0.00660266,0.00689551,0.00663736,0.00663382
0.006710117,0.00662545,0.00698284,0.00666157,0.0067537
0.006656601,0.00660521,0.00675964,0.00663031,0.00660521
0.006698018,0.00661153,0.00685021,0.00666133,0.00667042
0.00669277,0.0066096,0.00690372,0.006665795,0.0066096
0.006705725,0.0065918,0.00698315,0.006666235,0.0065918
0.006702996,0.00660761,0.00691896,0.006684155,0.00660761
0.006665957,0.00660126,0.00675165,0.006657235,0.00660126
0.006864234,0.00662409,0.00779381,0.00670465,0.00670262
0.006728564,0.00660767,0.00697228,0.00668351,0.00660767
0.006695518,0.00662363,0.00686942,0.006650345,0.00662363
0.006663852,0.00659407,0.00675605,0.00665213,0.00659407
0.006786291,0.0066036,0.00720241,0.00669342,0.0066036
0.006698914,0.00661947,0.00696808,0.00665426,0.00666257
0.006701571,0.00662199,0.00682376,0.006682645,0.00668794
0.006652651,0.00660948,0.00673252,0.00662896,0.0066277
0.006773189,0.00660189,0.00709668,0.006687535,0.00660189
0.006666226,0.00659186,0.00680252,0.006652735,0.00659186
0.006715647,0.00660986,0.00703942,0.006684145,0.00671679
0.00673631,0.00660461,0.00695264,0.006718745,0.00667593
0.006681745,0.00659408,0.00687864,0.00665409,0.00659408
0.00667141,0.00660472,0.00676944,0.00665611,0.00660472
0.006740019,0.00660241,0.00696494,0.00668366,0.00668885
0.006709257,0.00661092,0.00695857,0.0066697,0.00662801
0.006692725,0.00661689,0.00696506,0.006647105,0.00662719
0.006675514,0.00660178,0.0068366,0.00665015,0.00660178
0.006738951,0.00663016,0.0069694,0.00668801,0.00671153
0.006778053,0.00659974,0.00711971,0.00671731,0.00659974
0.006703132,0.00662048,0.00702107,0.006658825,0.00670137
0.006766626,0.0067354,0.00679685,0.006764715,0.0067354
0.006743473,0.00670396,0.00678561,0.006743005,0.00670396
0.006745819,0.00669038,0.0067923,0.006738245,0.00669038
0.00673373,0.0066842,0.00676013,0.00673774,0.0066842
0.006755174,0.00667704,0.0068376,0.00676123,0.00667704
0.006759355,0.00669023,0.00691101,0.006752775,0.00669023
0.006747159,0.00669491,0.00693454,0.006715835,0.00669491
0.006848915,0.00667356,0.00767063,0.00672567,0.00667356
0.00681154,0.00669134,0.0073595,0.006724925,0.00669134
0.006723076,0.00665218,0.00682768,0.00671113,0.00665218
0.00671984,0.00665765,0.00679608,0.00670567,0.00665765
0.006720099,0.0066597,0.00679083,0.00670591,0.0066597
0.006704327,0.00665174,0.00677189,0.006696995,0.00665174
0.00673306,0.00663738,0.00698426,0.00672127,0.00663738
0.006719213,0.00667468,0.00679948,0.00670953,0.0066814
0.006769536,0.00663687,0.00704062,0.00672158,0.00663687
0.006713424,0.00664025,0.00681712,0.0066989,0.00664025
0.006758412,0.00663339,0.00704744,0.00672642,0.00663339
0.006727101,0.00664862,0.0068301,0.00671453,0.00664862
0.006737253,0.00663888,0.00701416,0.00667312,0.00663888
0.006681344,0.00662722,0.00673698,0.006674985,0.00662722
0.006714022,0.00662812,0.00688246,0.00670728,0.00662812
0.006695385,0.00662702,0.00683055,0.006672165,0.00662702
0.006703006,0.00663019,0.00683405,0.006687455,0.00663019
0.006736318,0.00664496,0.00703606,0.006698395,0.00676935
0.006745696,0.00665543,0.00702809,0.006713755,0.00665543
0.006733957,0.00661446,0.00683807,0.00675092,0.00661446
0.006709691,0.00662256,0.00679068,0.00670769,0.00662256
0.00680367,0.00661667,0.00735667,0.006686445,0.00661667
0.006738518,0.00663527,0.00701346,0.006688035,0.00663527
0.006688765,0.00664433,0.00674292,0.006683455,0.00674011
0.006758854,0.00666298,0.00698606,0.00673031,0.0068092
0.00670527,0.00662318,0.00685174,0.006675395,0.00662318
0.006679229,0.00662946,0.00679022,0.00666197,0.00662946
0.006684049,0.00662182,0.00678371,0.006682445,0.00662182
0.00667839,0.00659768,0.00676461,0.00667527,0.00659768
0.006754923,0.00660803,0.00708037,0.006711615,0.00660803
0.006750342,0.00662762,0.0071063,0.00668478,0.00662762
0.006692465,0.00663292,0.00675897,0.00667374,0.00663292
0.006680111,0.0066191,0.00675328,0.00667776,0.0066191
0.006754942,0.00663378,0.00734355,0.006685335,0.00663378
0.006705868,0.00659069,0.00691959,0.006652805,0.00659069
0.006700459,0.00663078,0.00681919,0.00669341,0.00672783
0.00674272,0.00660178,0.00709964,0.006647825,0.00660178
0.006701882,0.00664966,0.0067597,0.006701185,0.0067597
0.006852766,0.00661505,0.00782539,0.00670829,0.00661505
0.006686852,0.00663841,0.00677409,0.006663685,0.00663841
0.006795759,0.00661377,0.00769258,0.00667976,0.00661407
0.006679125,0.00658795,0.00681575,0.006664855,0.00658795
0.006712121,0.00661717,0.00686051,0.006698795,0.00686051
0.006719141,0.00661933,0.00692542,0.00666196,0.00661933
0.006687998,0.00660519,0.00694605,0.00665798,0.00660519
0.006736616,0.00660571,0.00734521,0.00664363,0.00660571
0.006698405,0.00661037,0.00687333,0.00667235,0.00661037
0.006688632,0.00658995,0.00677289,0.0066908,0.00658995
0.006708211,0.00659205,0.00687509,0.00667778,0.00659205
0.006712186,0.00662409,0.0068307,0.006706715,0.00676536
0.006660305,0.00662145,0.00670404,0.006660985,0.00662145
0.006652313,0.00659502,0.00669969,0.0066562,0.00659502
0.006668505,0.0066106,0.00678252,0.00665617,0.0066106
0.006708422,0.00661029,0.00700974,0.00666623,0.00661029
0.00677654,0.00663097,0.00701713,0.006737575,0.00701713
0.006695755,0.00660802,0.00683916,0.00665881,0.00660802
0.006706861,0.00661444,0.00693872,0.006671565,0.00661444
0.006665479,0.00660693,0.00675548,0.00667411,0.00660693
0.006679918,0.00659958,0.0068364,0.00664824,0.00659958
0.00673376,0.00666106,0.00703688,0.006696685,0.00670417
0.006716646,0.00658614,0.00700587,0.006662725,0.00658614
0.006676121,0.00661594,0.00673867,0.006676425,0.00661594
0.006673116,0.00661963,0.00677649,0.00665646,0.00662097
0.006697877,0.00660374,0.00688582,0.00665095,0.00660374
0.006756515,0.00663335,0.00709312,0.006710035,0.00673941
0.006720609,0.00659803,0.00698491,0.00668487,0.00659803
0.006698655,0.00658913,0.00703342,0.006637205,0.00658913
0.006669027,0.00659345,0.00674544,0.00666184,0.00659345
0.00667991,0.00660283,0.00681284,0.00664901,0.00660283
0.006740515,0.00660824,0.00698208,0.0067234,0.00668508
0.006652794,0.00660764,0.0067553,0.00664609,0.00660764
0.006742326,0.00661134,0.00701763,0.006704785,0.00667959
0.006647126,0.00659768,0.00668568,0.00665141,0.00659768
0.00665863,0.00661078,0.00673505,0.00665113,0.00673505
0.006716705,0.0066226,0.00699544,0.006667315,0.0066226
0.006775221,0.00660307,0.00737642,0.006676125,0.00660307
0.006687418,0.00661797,0.00689495,0.00664473,0.00661944
0.006668032,0.00659836,0.00685713,0.00664883,0.00659836
0.006691629,0.00660683,0.0068253,0.00666848,0.00660683
0.006685629,0.00662908,0.00680254,0.006650795,0.00662908
0.006691565,0.00662092,0.00680324,0.006660855,0.00666281
0.006667006,0.00661196,0.00683151,0.00664252,0.00661196
0.006705982,0.00662485,0.00690442,0.00668206,0.00675042
0.00667658,0.00660953,0.00683092,0.00665074,0.00661522
0.00670837,0.00661301,0.00698037,0.006646735,0.00661301
0.006691224,0.00661256,0.00684142,0.0066513,0.006651
0.006709041,0.00660792,0.00697936,0.00665509,0.00660792
0.006667031,0.00661259,0.00678513,0.00665084,0.00661259
0.006666614,0.00660963,0.00678261,0.00664282,0.00660963
0.00672785,0.00661925,0.00696248,0.00670404,0.00674509
0.006761685,0.00662956,0.00697811,0.00673036,0.00691437
0.006765411,0.00662322,0.00701734,0.006743605,0.00675244
0.006659473,0.00661024,0.0067504,0.00664742,0.00661024
0.006748364,0.00671438,0.00680048,0.006743455,0.0067342
0.006751321,0.00671406,0.00678801,0.006753985,0.00673439
0.006771627,0.00670212,0.00686431,0.00675729,0.00675016
0.006744181,0.00670911,0.00676412,0.006747525,0.0067615
0.006755742,0.00671572,0.0067882,0.006761925,0.00675681
0.006730618,0.00666995,0.00678084,0.006728365,0.00671904
0.006729441,0.00666886,0.0067576,0.00673346,0.00673761
0.006753536,0.00667467,0.00702842,0.00671991,0.00673597
0.00671046,0.0066886,0.00672978,0.00671125,0.00671752
0.00672527,0.00669921,0.00675625,0.00672085,0.00671824
0.006735495,0.00666403,0.00695567,0.00670474,0.00670616
0.006730814,0.00667135,0.00692434,0.00669647,0.00668387
0.006723818,0.00667113,0.00687703,0.00669253,0.00668687
0.006711009,0.00666752,0.00681448,0.006696945,0.0066994
0.006760356,0.00664615,0.00698849,0.00672516,0.00670376
0.006724882,0.0066611,0.00693803,0.006684685,0.00668195
0.006717212,0.00662193,0.00689272,0.00669504,0.00666914
0.006709629,0.00666074,0.00684638,0.00669409,0.00684638
0.006730395,0.00666205,0.00690189,0.00669267,0.00668309
0.006728026,0.00664401,0.00694493,0.00670856,0.00674654
0.006694491,0.00663313,0.00683714,0.00667647,0.00683714
0.006712719,0.00665249,0.00677563,0.006711025,0.00671442
0.006694934,0.0066621,0.00682003,0.00668127,0.00667936
0.006721291,0.00665799,0.00693657,0.006685455,0.00667775
0.006676066,0.00662221,0.00671123,0.00667264,0.00665626
0.006660039,0.00662517,0.00667968,0.00666209,0.00666576
0.006690728,0.00664314,0.00675314,0.006679105,0.00665872
0.00670715,0.0066276,0.00694467,0.006671135,0.00666128
0.006716204,0.00663464,0.00684636,0.00668046,0.00679851
0.006713891,0.00662475,0.00678778,0.00672333,0.00678778
0.006703518,0.00665958,0.00687513,0.0066755,0.00667157
0.006769514,0.00665106,0.00710256,0.006690975,0.00670794
0.006707774,0.00664667,0.00685997,0.006683935,0.00664667
0.006736026,0.00662191,0.00705069,0.00668241,0.00666365
0.006681434,0.00664197,0.0067673,0.006667155,0.00664197
0.00669492,0.00663266,0.00680135,0.006663015,0.00678001
0.006726084,0.00661271,0.00690318,0.006691895,0.0066501
0.006679563,0.00660594,0.00675423,0.00666786,0.00671587
0.006743755,0.0066311,0.00712024,0.00669405,0.0066311
0.006667432,0.00661608,0.00673432,0.006661315,0.00664316
0.006684109,0.00662642,0.00683255,0.00665462,0.00664746
0.006681696,0.00661517,0.00677034,0.006669525,0.00672473
0.006706391,0.00663238,0.00680965,0.006672685,0.00663529
0.00667645,0.0066253,0.00678258,0.00665572,0.00668908
0.006708424,0.00660119,0.00683693,0.00667206,0.00665252
0.006662862,0.00660515,0.00677169,0.00665677,0.00666528
0.006689191,0.00661572,0.00686911,0.006653185,0.00663769
0.006686319,0.00662074,0.00675442,0.00667671,0.00665148
0.006830877,0.00660273,0.00768367,0.00667149,0.0066759
0.00668932,0.0066188,0.00688803,0.006650335,0.0066362
0.006733604,0.00661279,0.00691671,0.006670215,0.00666669
0.00672685,0.00664167,0.0068799,0.006704045,0.00664178
0.006680246,0.00662607,0.00675808,0.00666869,0.00672061
0.006719106,0.00660653,0.0070782,0.00666305,0.00665942
0.006701698,0.00662885,0.00695166,0.00664553,0.00663213
0.00664747,0.0065865,0.00670397,0.006642845,0.00664399
0.006694552,0.00660448,0.00688562,0.00664627,0.00662115
0.006682439,0.00659947,0.00680527,0.0066496,0.0066388
0.006653211,0.00661207,0.00670342,0.006648685,0.00663065
0.006740587,0.00660423,0.00702653,0.00665315,0.00702653
0.00668157,0.00661979,0.00685323,0.006661615,0.00665109
0.006716342,0.00661618,0.007097,0.006669785,0.00666341
0.006673429,0.00661156,0.0068299,0.006651895,0.00661156
0.006712982,0.00663097,0.00686247,0.006695365,0.00668372
0.006681285,0.0066087,0.00680532,0.00665652,0.00664264
0.006686573,0.00663261,0.00679939,0.00666476,0.0066529
0.006705063,0.00663192,0.0069758,0.00666476,0.0066438
0.006689493,0.00659893,0.00687311,0.006657875,0.00665266
0.006674301,0.00662532,0.00686529,0.006648355,0.00665161
0.006716046,0.00659662,0.00692539,0.006675945,0.00664369
0.006675102,0.00659611,0.00676418,0.00665694,0.0066398
0.006653058,0.00661709,0.00671118,0.006648015,0.00666091
0.006661162,0.00660097,0.00676958,0.006639645,0.00663552
0.00668841,0.00659321,0.00683055,0.006673055,0.00663848
0.006705599,0.00664779,0.00676728,0.00670949,0.00675103
0.006695045,0.00662073,0.00687174,0.00666486,0.00663662
0.00669736,0.0066133,0.00680137,0.006676495,0.00664112
0.006726212,0.006602,0.00689275,0.006677365,0.0066821
0.006680829,0.00660263,0.0068765,0.00664199,0.00667621
0.006665455,0.00660567,0.00674783,0.006650755,0.00663635
0.00669867,0.00662669,0.00685477,0.006668505,0.0066478
0.006697985,0.00661346,0.00689154,0.00667015,0.00663455
0.006686543,0.00661551,0.00673929,0.006690935,0.00664331
0.006712545,0.00660551,0.00687466,0.00668597,0.0068499
0.006676054,0.00658714,0.0068638,0.006656035,0.00665986
0.006724786,0.00665931,0.00687395,0.00671689,0.00687395
0.006678622,0.00662009,0.00682687,0.006658945,0.00666661
0.006720586,0.00662047,0.00698114,0.006659285,0.00663973
0.006703513,0.00663776,0.00685055,0.00668551,0.00672517
0.006657061,0.00662109,0.00673334,0.0066432,0.00662109
0.006713435,0.00661174,0.0069108,0.00669996,0.00664001
0.006702499,0.00661909,0.00702259,0.006648845,0.00664267
0.006754591,0.00662548,0.00728609,0.006646055,0.0066267
0.006670531,0.00663575,0.00672944,0.00665597,0.00663575
0.006657969,0.00660209,0.00674823,0.006638935,0.00674823
0.006731569,0.0066282,0.00715264,0.00664384,0.0066282
0.006700456,0.00661556,0.00690644,0.0066735,0.00690644
0.006725014,0.00663943,0.0070173,0.00666519,0.00665376
0.006659445,0.0066093,0.00670765,0.006657785,0.0066274
0.006699086,0.00661658,0.00683779,0.006675585,0.00677281
0.006902762,0.00683655,0.00696051,0.006909395,0.0068508
0.006754632,0.00669508,0.00682061,0.006743215,0.00669508
0.006741791,0.00668561,0.00678311,0.00674955,0.00668561
0.006762103,0.0067027,0.00684247,0.006756935,0.00676015
0.006740429,0.00667143,0.00687266,0.006715495,0.00667303
0.006726184,0.00667389,0.00681851,0.006701765,0.00669198
0.0067612,0.00667606,0.00696877,0.00674993,0.00671522
0.006759289,0.00669475,0.00695539,0.00674189,0.00670311
0.006771044,0.00666833,0.00688603,0.006766905,0.00673358
0.006768794,0.00666084,0.00700842,0.00673917,0.00682241
0.006747527,0.00665383,0.00693341,0.00674497,0.00665383
0.006724992,0.00668128,0.00679613,0.006721665,0.00668128
0.006718112,0.00667496,0.00677546,0.00672373,0.0067235
0.006724082,0.00664628,0.00678626,0.006727575,0.00678626
0.006748884,0.00665096,0.00705617,0.006713325,0.00665096
0.006702481,0.00664853,0.00679797,0.006687775,0.00666377
0.006743871,0.00663089,0.00687648,0.00674095,0.00663089
0.006736571,0.00662351,0.00689454,0.00673166,0.00662351
0.006717065,0.00661347,0.00679458,0.00673145,0.00661347
0.00669896,0.00664315,0.00675432,0.0067006,0.00665091
0.006721469,0.00662423,0.00706015,0.00668861,0.00662423
0.006719417,0.00663039,0.0068128,0.00672333,0.00678937
0.006720019,0.00662941,0.00683255,0.00671654,0.00683255
0.006721939,0.00661716,0.00684397,0.00670838,0.00661716
0.006720732,0.00660801,0.00693058,0.0067064,0.00665699
0.006728159,0.00664579,0.00690162,0.00669876,0.00676286
0.006696174,0.006626,0.00680285,0.00668051,0.00662909
0.006700371,0.00660793,0.00684618,0.006693045,0.00660793
0.006720545,0.00660977,0.00680451,0.00672347,0.00660977
0.006724105,0.00661469,0.00680033,0.00672775,0.00676684
0.00671754,0.00663037,0.00678805,0.00671337,0.00678805
0.006683755,0.00660029,0.00679824,0.006668795,0.00660029
0.006682792,0.00662635,0.00675414,0.00666982,0.00675237
0.006718725,0.00664042,0.00681176,0.00671213,0.00664042
0.006711926,0.00660882,0.00689302,0.00671379,0.00689302
0.006725784,0.00661492,0.00701327,0.006695035,0.00661492
0.006731549,0.00662725,0.00688554,0.006721265,0.00680495
0.006724582,0.00659677,0.00711537,0.006652905,0.00659677
0.006682974,0.00660862,0.00674751,0.00667004,0.00673811
0.006713192,0.00658551,0.00699242,0.006692765,0.00658551
0.006677717,0.00660648,0.00677768,0.00667217,0.00664246
0.006694215,0.00661391,0.00677706,0.006690445,0.00673594
0.006696332,0.00661246,0.00696207,0.006657685,0.00662485
0.006710451,0.00659573,0.00696305,0.006686095,0.00669788
0.006716239,0.0066315,0.00688092,0.006714165,0.00667227
0.006693325,0.00661651,0.00679408,0.006696565,0.00665983
0.006686398,0.00660128,0.0067755,0.006678985,0.0067755
0.006728929,0.00660778,0.00721247,0.006661865,0.00660778
0.006702315,0.00658373,0.00692293,0.006643415,0.00658373
0.006695249,0.0066048,0.00683106,0.00670251,0.00671736
0.006759572,0.00661035,0.00715384,0.00669326,0.00661035
0.006674538,0.0066002,0.00674808,0.006680025,0.0066002
0.006666781,0.00662195,0.00672295,0.006648865,0.00672295
0.006675381,0.00660238,0.00679876,0.00664173,0.00660238
0.006693834,0.00658231,0.00686177,0.006678385,0.00658231
0.006658774,0.00660689,0.00672317,0.006643425,0.00660689
0.006673764,0.00662455,0.00672551,0.00666895,0.00672551
0.006728745,0.00661684,0.0068822,0.006714955,0.00687353
0.006690221,0.0066106,0.00679971,0.00669467,0.00662698
0.006749135,0.00660594,0.00740007,0.006660735,0.00660594
0.006672234,0.00661295,0.00673897,0.006662145,0.00667709
0.006663353,0.00659165,0.00680469,0.006642505,0.00659833
0.006708815,0.00662435,0.0068417,0.006712725,0.00677542
0.006658621,0.00660234,0.00672389,0.006654855,0.00660721
0.006689881,0.00659757,0.00682422,0.006696905,0.00672805
0.006751375,0.00659676,0.00702491,0.0067153,0.00672852
0.00671899,0.0065758,0.00707162,0.00666907,0.0065758
0.006665859,0.00658607,0.0067271,0.00668377,0.00658607
0.006697702,0.00657384,0.00707193,0.006635475,0.00657384
0.006677381,0.00658717,0.00680286,0.006698835,0.00659199
0.006697743,0.00660566,0.00687902,0.006678515,0.00666554
0.006676106,0.00659465,0.00683396,0.00665704,0.00661896
0.006665546,0.00660231,0.00671825,0.006668575,0.00669704
0.006669605,0.00659406,0.00674801,0.00665952,0.00659406
0.006688571,0.00659031,0.00687126,0.006671145,0.00665595
0.006689894,0.00662852,0.00682122,0.006665105,0.00664923
0.006656388,0.00657442,0.0067474,0.006651165,0.00657442
0.006743075,0.00658105,0.00742726,0.006643,0.00658105
0.006695517,0.00659855,0.00704139,0.006647175,0.00659855
0.006754432,0.00659164,0.00706588,0.006657905,0.00659164
0.006733441,0.006582,0.00703492,0.00671959,0.00676296
0.006677428,0.00660588,0.00681593,0.006666925,0.00668263
0.006647037,0.00660056,0.00670216,0.00663299,0.00660056
0.006701017,0.00659881,0.00696682,0.00666369,0.00661743
0.006669078,0.00657085,0.00683296,0.006664995,0.00657085
0.006729362,0.00661054,0.00714567,0.006670525,0.00661054
0.006668452,0.00657055,0.00677298,0.006663365,0.00657055
0.006675395,0.00659268,0.00674284,0.006671935,0.00663556
0.006657972,0.00658846,0.00672671,0.00665001,0.00658846
0.006651892,0.00660402,0.00672384,0.006634465,0.00672384
0.006667046,0.00659703,0.00672134,0.00667743,0.00659703
0.006714589,0.00659142,0.00705929,0.0066945,0.00671594
0.006653246,0.00657921,0.00668727,0.00666308,0.00664312
0.00667538,0.00661326,0.00683723,0.00664255,0.00663953
0.00675916,0.00658895,0.00711491,0.00671697,0.00669407
0.006661694,0.00656623,0.0067662,0.006649025,0.00656623
0.006656378,0.00659327,0.00669296,0.00666172,0.00668774
0.006679657,0.00661287,0.00674699,0.006684095,0.00661287
0.006760396,0.00661264,0.00728274,0.006699905,0.00665038
0.006653765,0.00659136,0.00674095,0.006638205,0.00659136
0.00675768,0.00670768,0.00678188,0.00677185,0.00670768
0.006751179,0.00670178,0.00678197,0.006756035,0.00670178
0.006759495,0.00670135,0.00680639,0.006757855,0.00677328
0.006758811,0.00667849,0.00682649,0.00674797,0.00673912
0.006790808,0.00671771,0.00709937,0.006742005,0.00681622
0.006753842,0.00671283,0.00685317,0.006732665,0.0067218
0.006810448,0.00667299,0.00711975,0.006751945,0.00675386
0.006745173,0.00669362,0.00679711,0.006740815,0.00670403
0.006746664,0.00666573,0.00682283,0.006747725,0.00666573
0.006787802,0.00668078,0.0069525,0.00676573,0.00668964
0.006826294,0.00665822,0.00726548,0.006745015,0.00678239
0.006765621,0.0066496,0.00686913,0.00675776,0.0066496
0.006786816,0.00669473,0.00704,0.006741555,0.00677562
0.006803811,0.00666288,0.00707059,0.006746015,0.00666697
0.006692165,0.00663676,0.0067312,0.006704425,0.00663676
0.006750695,0.00662638,0.00714114,0.00669407,0.00667184
0.006716906,0.00664252,0.00684009,0.006707805,0.00664252
0.006722666,0.00667293,0.00686888,0.006688325,0.00669457
0.006719878,0.0066166,0.00693898,0.00669676,0.00665147
0.006707855,0.0066261,0.00678417,0.00670864,0.00671062
0.006705552,0.00664901,0.0067923,0.00668747,0.00664901
0.006769239,0.00661272,0.00730687,0.00670482,0.00661272
0.006710765,0.00664306,0.00697947,0.006675165,0.00668145
0.006707015,0.00661977,0.00684619,0.00668299,0.00668313
0.006761153,0.006654,0.00695372,0.00670762,0.00668134
0.006771219,0.00662324,0.00719815,0.0066865,0.00688445
0.006723189,0.00662555,0.00692883,0.006707405,0.00666003
0.006717711,0.00662281,0.00689692,0.00668809,0.00670461
0.006806386,0.00662505,0.00702192,0.00677347,0.00670784
0.006719771,0.00661931,0.00687761,0.00668808,0.00667239
0.006714728,0.00663863,0.00685591,0.006696755,0.00680082
0.006702605,0.00660888,0.00689041,0.006667925,0.00666429
0.006780266,0.00661588,0.0072032,0.0066714,0.00667137
0.006741757,0.00664191,0.00691778,0.006744135,0.00667106
0.00678755,0.00659611,0.0076461,0.006676355,0.00659611
0.006775831,0.00662503,0.00719204,0.006673475,0.00663556
0.006764616,0.00663239,0.00699152,0.00676311,0.00681618
0.00680547,0.00662681,0.00762464,0.006678265,0.00668675
0.006799028,0.00660765,0.00732261,0.0067176,0.00660765
0.006726731,0.00661955,0.00687052,0.006717825,0.00666097
0.006769976,0.00661053,0.0069984,0.00675076,0.00694215
0.006810071,0.00662396,0.00761375,0.006695695,0.00677247
0.006747489,0.00661902,0.00714141,0.006658295,0.00666363
0.006684552,0.00662692,0.00679732,0.006667785,0.00662692
0.006725428,0.00665874,0.00681322,0.00670497,0.00668751
0.006700865,0.00660808,0.00682022,0.006671035,0.00664003
0.006677319,0.00662512,0.00677666,0.006664035,0.00663682
0.006782085,0.00661055,0.00722152,0.0067643,0.00677896
0.006669439,0.00660485,0.00672639,0.006669415,0.00666268
0.006738615,0.00661503,0.006994,0.00671576,0.00664766
0.006689656,0.00659507,0.00690673,0.006664215,0.00665186
0.00676177,0.00662707,0.00702314,0.00673182,0.00702314
0.006736974,0.00663671,0.00700134,0.00668034,0.00666907
0.006690116,0.00660703,0.00686646,0.00666287,0.00661124
0.0067443,0.00663369,0.00698105,0.00672317,0.00679441
0.006663139,0.0066083,0.00673356,0.00665949,0.00662472
0.006691338,0.00659331,0.00683107,0.006670915,0.00668305
0.006761113,0.00660755,0.00697403,0.006747345,0.00664947
0.006659343,0.00662572,0.00673265,0.006649985,0.00662572
0.006709695,0.00659513,0.00694266,0.006676685,0.00661182
0.006720427,0.00660164,0.00690198,0.00666469,0.00668237
0.006651338,0.00659767,0.00673088,0.006641385,0.00659767
0.006719489,0.0066123,0.00698954,0.006678285,0.00665034
0.006685711,0.00658876,0.00688094,0.00665682,0.00665848
0.006756645,0.00661515,0.00695947,0.006733615,0.00670035
0.006684486,0.00659296,0.00678795,0.00667831,0.00678795
0.006727766,0.00660634,0.00708617,0.006686125,0.00660634
0.006703713,0.0066032,0.00696549,0.006653575,0.00660324
0.006690205,0.00661819,0.00679277,0.0066721,0.00663982
0.006722,0.00661605,0.00685986,0.00671673,0.00671826
0.006683415,0.00659604,0.00689827,0.00665478,0.00659604
0.006695029,0.00659284,0.00677855,0.00670854,0.00661848
0.006781764,0.00659783,0.00742009,0.00668989,0.00669206
0.006713159,0.0066026,0.00698212,0.006658235,0.00666319
0.00674629,0.0066336,0.00701142,0.00666226,0.00664362
0.006734399,0.00663415,0.00694417,0.006702495,0.00694417
0.006713973,0.00660658,0.00705782,0.00665997,0.00662308
0.006736024,0.00659483,0.00696069,0.00673873,0.00662604
0.006725631,0.00660955,0.00696885,0.00669523,0.00663274
0.006699933,0.00661634,0.00680261,0.00666871,0.00664206
0.00674255,0.00659997,0.00706874,0.006691675,0.00674028
0.006711603,0.00660779,0.00697349,0.006651815,0.00660779
0.006687856,0.00659604,0.0068127,0.006688995,0.00660023
0.006697426,0.00660533,0.00692585,0.006667525,0.00660533
0.006729975,0.0066043,0.00696749,0.00664422,0.0066043
0.006700957,0.0065963,0.00686556,0.006678595,0.00686556
0.006724802,0.00662699,0.00685078,0.00671046,0.00667356
0.006731736,0.00660804,0.00697542,0.00670264,0.00672934
0.006761054,0.00659617,0.00702007,0.006751585,0.00675447
0.006757092,0.00660991,0.00704775,0.00671885,0.00678811
0.006681747,0.00660628,0.00680121,0.006648625,0.00661941
0.006722101,0.00662865,0.00698454,0.006679305,0.00680653
0.006710636,0.00660736,0.0071056,0.0066478,0.0066371
0.00674455,0.00660743,0.00707341,0.00666907,0.00661379
0.006686619,0.00659174,0.00688498,0.006635105,0.00662466
0.0069105,0.0066065,0.00782458,0.00676199,0.00676967
0.0066852,0.0066138,0.00692422,0.006651135,0.0066138
0.006756672,0.00661606,0.00736384,0.006656805,0.00665174
0.006699821,0.00658988,0.00688849,0.006686935,0.0066324
0.00670629,0.00661278,0.00680115,0.00672039,0.00680115
0.00677386,0.00671489,0.00689022,0.00675664,0.00671489
0.006740611,0.00669448,0.00678527,0.006739355,0.00669448
0.006743975,0.00672832,0.006776,0.00673814,0.00673291
0.006728544,0.00670719,0.00677007,0.00672404,0.00670719
0.00675291,0.00669635,0.00684515,0.006734315,0.00669635
0.006734481,0.00670655,0.00681142,0.00672133,0.00670655
0.006744806,0.00670177,0.00682626,0.006734175,0.00682626
0.00672754,0.00671031,0.00674896,0.00672453,0.00672201
0.006775066,0.00667722,0.00691394,0.00675141,0.00690801
0.006712705,0.00668435,0.00676051,0.006705195,0.0067251
0.006727735,0.00668372,0.00681247,0.00672013,0.00674049
0.006729728,0.00669088,0.00679468,0.006723185,0.00671933
0.00675689,0.00663571,0.00722496,0.00669479,0.00663571
0.00671473,0.0066565,0.00678371,0.006703135,0.00678371
0.006748425,0.0066795,0.00686277,0.006729135,0.00680531
0.006836439,0.00666182,0.00757971,0.00670572,0.00757971
0.006724234,0.00667346,0.00680498,0.006709545,0.00670889
0.006766959,0.00665287,0.00693453,0.00672311,0.00669298
0.006728714,0.0066564,0.00681621,0.00672479,0.00678963
0.006735133,0.00666736,0.00690968,0.00669815,0.0067607
0.006724365,0.00663217,0.00686807,0.006701475,0.00663217
0.006746284,0.00665511,0.00716439,0.006679165,0.00670521
0.006725935,0.00664903,0.00686901,0.006692115,0.00667172
0.006735042,0.00665704,0.00685803,0.006679265,0.00685803
0.00672551,0.00663628,0.00695251,0.00669425,0.00663628
0.006720104,0.00664775,0.00683757,0.00669937,0.00675269
0.006693539,0.00663524,0.00682185,0.006662635,0.00666203
0.006717216,0.00663737,0.00697715,0.00668433,0.00667886
0.006716784,0.00664819,0.0068793,0.00667605,0.0068793
0.006694938,0.00665127,0.00679091,0.00667635,0.00674411
0.006704229,0.00663736,0.0068043,0.00669498,0.00673701
0.00672926,0.00664611,0.00692291,0.00670258,0.0067375
0.006704404,0.00663809,0.00681184,0.0066911,0.00673161
0.00668947,0.00661615,0.00679065,0.006657075,0.00661615
0.006723286,0.00660849,0.00710202,0.006663535,0.00660849
0.006700639,0.00662723,0.00684538,0.006659135,0.00672948
0.006702777,0.0066416,0.00688084,0.006675625,0.00672223
0.006730149,0.00663761,0.00720482,0.00665874,0.00663761
0.006704676,0.00662982,0.00682657,0.00667457,0.00682657
0.00671236,0.00664651,0.00683196,0.006675615,0.00676148
0.00671319,0.00663935,0.00679434,0.006707725,0.00678385
0.006770392,0.00662534,0.00744955,0.00666715,0.00662534
0.006694301,0.00663275,0.00684138,0.00666083,0.00684138
0.006705322,0.0066489,0.00679421,0.0066713,0.0066489
0.006678834,0.00659394,0.00689962,0.006639935,0.00659394
0.006670993,0.00660516,0.00679473,0.00665751,0.00660516
0.006682374,0.00660059,0.00678378,0.006662455,0.00660059
0.006672965,0.00661747,0.00679215,0.00665538,0.00668443
0.006676884,0.00662521,0.00678582,0.006656825,0.00662564
0.006677642,0.00661683,0.00675293,0.00666732,0.00671169
0.006664361,0.0066089,0.00670542,0.00666203,0.0066089
0.006685944,0.00662701,0.006792,0.00667421,0.00672739
0.006663025,0.00662271,0.00677012,0.00665415,0.00664394
0.006759033,0.00664412,0.00705388,0.00667836,0.00705388
0.006669442,0.00663645,0.00676463,0.00665371,0.00663928
0.006654046,0.00662606,0.00670616,0.00664668,0.00663186
0.006671985,0.00661431,0.00677805,0.006660825,0.00663335
0.006660078,0.00660399,0.0067803,0.006635185,0.00660399
0.006672992,0.00661508,0.00673162,0.006666425,0.00673162
0.006685365,0.00660569,0.00679111,0.006665845,0.00660569
0.006698809,0.00661531,0.00684875,0.00665246,0.00684875
0.006689814,0.0066363,0.00684437,0.00666735,0.00671973
0.006679474,0.00658773,0.00686204,0.00664586,0.00658773
0.006717605,0.00657803,0.00699363,0.00664375,0.00657803
0.006706243,0.00662539,0.00689371,0.00666046,0.00668219
0.006667702,0.00659569,0.00675851,0.0066478,0.00659569
0.006687361,0.00663517,0.0067947,0.006662365,0.00665741
0.006722454,0.00662159,0.00698321,0.006689365,0.00698321
0.006725036,0.00663035,0.00688969,0.006701885,0.00668945
0.006668463,0.00661888,0.00676763,0.00663849,0.00663644
0.006761527,0.0066173,0.00717014,0.006701635,0.00670835
0.00672338,0.00663386,0.00701426,0.00668144,0.00669825
0.006687034,0.00663329,0.00676606,0.006664585,0.00676606
0.006691357,0.00662767,0.00680413,0.006674195,0.00662767
0.006696989,0.00661466,0.0067605,0.00669004,0.00674811
0.006683038,0.00659253,0.00678545,0.006654025,0.00659253
0.006681795,0.00658768,0.00680618,0.0066472,0.00658768
0.006693283,0.00662061,0.0067829,0.00667715,0.00669168
0.006673129,0.00661501,0.00672329,0.006680945,0.00669965
0.006660595,0.00659806,0.00673135,0.00664425,0.00659806
0.006671644,0.00661487,0.00679227,0.006642825,0.00665686
0.00667647,0.00657642,0.0067745,0.00664769,0.00657642
0.006709036,0.00656335,0.00708488,0.00665239,0.00656335
0.006689209,0.00663156,0.00680415,0.0066695,0.00671622
0.006715515,0.00662692,0.00682876,0.00669887,0.00682876
0.006715991,0.00663814,0.00687303,0.00669271,0.00687303
0.00667737,0.00662488,0.00674684,0.00667701,0.00669272
0.006656207,0.00661182,0.00673511,0.006641925,0.00661996
0.00668437,0.00659414,0.00675739,0.006676945,0.00659414
0.006701538,0.00663557,0.00680868,0.006674095,0.0066403
0.00668872,0.00658852,0.00681891,0.006670415,0.00658852
0.006681271,0.00662531,0.00680452,0.00666335,0.00662531
0.006695951,0.00661526,0.00684963,0.006673875,0.00670468
0.006701458,0.00659695,0.00682982,0.006693695,0.00659695
0.006684253,0.00662802,0.00674683,0.00667081,0.00673132
0.006699009,0.00663064,0.00684186,0.006681935,0.00684186
0.006765125,0.00664991,0.00715847,0.00669915,0.00685433
0.006729976,0.00663259,0.00715493,0.00667574,0.00669583
0.006714151,0.00663418,0.00699768,0.00668747,0.00669146
0.006686984,0.00663495,0.00678848,0.006671965,0.00668564
0.006732901,0.00669104,0.00676688,0.006737705,0.00669412
0.006762705,0.0066992,0.00679789,0.00676683,0.00678382
0.006763874,0.00671229,0.00682551,0.00676109,0.00673257
0.006751879,0.00670693,0.00683715,0.006743185,0.00670693
0.006731071,0.00668003,0.00675017,0.006735735,0.00674201
0.006754181,0.00667532,0.00682623,0.00674603,0.00682623
0.006743054,0.0066911,0.00682631,0.00672857,0.00682631
0.006721328,0.00669239,0.00674982,0.006726915,0.00670153
0.00674595,0.00667306,0.00689688,0.0067261,0.00689688
0.006758065,0.00667838,0.00685447,0.00674169,0.00669816
0.006793625,0.00665194,0.00719926,0.00673205,0.00665194
0.006817766,0.00666396,0.00702908,0.006826605,0.00675069
0.00674905,0.00664214,0.00692298,0.00671021,0.00669265
0.006785626,0.00666144,0.00693938,0.006790435,0.00686708
0.006770699,0.00664447,0.00703968,0.006726605,0.00688729
0.006706357,0.00665337,0.00678004,0.006701415,0.00665337
0.006742731,0.00664138,0.00698835,0.00672893,0.00664138
0.006700214,0.00665397,0.00683605,0.00668066,0.00668536
0.006767069,0.00662256,0.00701784,0.00675681,0.00667221
0.006728283,0.00662343,0.00681614,0.00672498,0.0067573
0.006780696,0.00665625,0.00721499,0.006725135,0.0067041
0.006735326,0.00662169,0.00697738,0.00666672,0.0066589
0.006697936,0.00662167,0.00674924,0.00670051,0.00667055
0.006699071,0.00664034,0.00675754,0.00669306,0.00665786
0.006708495,0.00663036,0.00678376,0.00671382,0.00670356
0.006710542,0.00664821,0.00689903,0.006690185,0.00671168
0.00668981,0.00661267,0.00679903,0.006691675,0.00664241
0.006707671,0.00661271,0.0069937,0.006682175,0.00661271
0.006754009,0.00662996,0.00703471,0.00672026,0.00668049
0.006741077,0.0066414,0.00702208,0.00668311,0.00684566
0.006723408,0.00660937,0.00691308,0.0067163,0.00662107
0.006686949,0.00661177,0.00679406,0.00666506,0.00661846
0.006779081,0.00662275,0.00692655,0.006783645,0.00681682
0.006718291,0.00661668,0.00694764,0.00668672,0.00668372
0.006695977,0.00661488,0.00677601,0.00670755,0.00664778
0.006725904,0.0066248,0.00687012,0.00671839,0.00663621
0.006754688,0.00662016,0.00701293,0.006734755,0.00675342
0.006715589,0.00662724,0.00701399,0.006674685,0.00666933
0.006716665,0.00663083,0.00693723,0.00667753,0.00665769
0.006700852,0.00659745,0.00695718,0.006671185,0.00664712
0.006697426,0.00659457,0.00675102,0.006723,0.00675102
0.00668628,0.006634,0.00682285,0.006672925,0.00668614
0.006760395,0.00659859,0.00701822,0.006739435,0.00668951
0.006801538,0.00662925,0.00771719,0.006667785,0.0067446
0.006708555,0.00660867,0.00688798,0.0066756,0.00667228
0.006747416,0.00662154,0.00716489,0.00666029,0.00663826
0.006844307,0.00659271,0.00765371,0.00671476,0.00667633
0.006690439,0.00659975,0.0069145,0.00666387,0.00664055
0.006836945,0.00661812,0.00783504,0.00671488,0.0066736
0.00668056,0.00662107,0.0067806,0.00667624,0.00664857
0.006700798,0.00661621,0.00681706,0.006687995,0.00663119
0.006717093,0.00661,0.0070173,0.00666894,0.00666715
0.006743993,0.00659778,0.00690977,0.0067305,0.00684677
0.006696622,0.00663241,0.0068132,0.006673085,0.0068132
0.006711327,0.00662734,0.00684063,0.006678945,0.0067831
0.006665755,0.00661834,0.00673903,0.006657015,0.00664073
0.00669087,0.00660496,0.00674335,0.006703065,0.00674335
0.006649002,0.0066146,0.00668029,0.00664702,0.0066146
0.006685276,0.00662524,0.00690978,0.006639675,0.00662907
0.006714566,0.00659407,0.00698247,0.006694645,0.00667194
0.006735784,0.00660885,0.00702375,0.006676675,0.00660982
0.006671909,0.00659637,0.00676335,0.00666499,0.00666912
0.006642061,0.00661189,0.00667594,0.00663683,0.00662549
0.006719677,0.00660823,0.00698509,0.006652195,0.00663003
0.00665592,0.0066024,0.00672811,0.006647145,0.00665669
0.00674344,0.00659428,0.0071386,0.00669225,0.00665898
0.006719375,0.00659763,0.00697756,0.00667227,0.00662231
0.00671544,0.00662418,0.00688505,0.006678895,0.00668137
0.00668258,0.00660469,0.00680342,0.00665377,0.00662465
0.006657986,0.00660441,0.00675802,0.006644525,0.00667304
0.006718495,0.00663566,0.00710717,0.00666506,0.00667195
0.006684616,0.00660765,0.00691651,0.00665632,0.00664582
0.006692161,0.00658447,0.00706298,0.00663973,0.00661902
0.006672371,0.00661381,0.00679073,0.006660715,0.00665561
0.00667365,0.00659718,0.00675842,0.00667973,0.00670188
0.006654189,0.00659494,0.00670089,0.006660055,0.00665748
0.006742482,0.00661742,0.00689504,0.00672076,0.00665857
0.006691404,0.00661276,0.00689365,0.00667122,0.00665986
0.006699872,0.0066304,0.00680381,0.0066833,0.00680381
0.006706133,0.00661289,0.00683159,0.00667444,0.00661289
0.006716371,0.00660052,0.00699176,0.00666261,0.0066154
0.006676491,0.00659189,0.00679224,0.00664539,0.00665212
0.006706746,0.00660635,0.00692607,0.00668222,0.00671551
0.006724336,0.00659167,0.00691186,0.006664215,0.00665249
0.006709326,0.00659233,0.00695827,0.00667563,0.00669541
0.006681049,0.00659139,0.00704203,0.006634095,0.00659139
0.006635395,0.00659831,0.00667396,0.006626075,0.00662182
0.00675505,0.00660497,0.00696287,0.00672054,0.00665037
0.006723834,0.00661285,0.00705184,0.006679245,0.00661572
0.006700896,0.0065962,0.00683825,0.006706035,0.00661156
0.006666541,0.00660593,0.00678876,0.006663955,0.00668216
0.006661591,0.00659892,0.00678511,0.006645315,0.00661089
0.006670114,0.00661093,0.00679057,0.00665749,0.00663546
0.006650536,0.00659241,0.00669382,0.00665509,0.00664306
0.006732718,0.00660193,0.0069683,0.006665155,0.00664808
0.006718965,0.00659135,0.00708548,0.006686585,0.00659278
0.006726929,0.00660484,0.00702181,0.006650545,0.00665631
0.006733816,0.00662057,0.00717015,0.006691875,0.00670618
0.006684158,0.00660673,0.00674332,0.006682245,0.00666746
0.006702532,0.00663093,0.00676805,0.006708575,0.00675405
0.006788672,0.00671807,0.00692135,0.00677919,0.00675603
0.006758128,0.0067123,0.00681861,0.00675575,0.00672287
0.006762886,0.00669625,0.00687093,0.006752775,0.00671958
0.006768171,0.00669978,0.00692932,0.006748115,0.00674237
0.006739924,0.00669989,0.00680822,0.0067272,0.00672912
0.006767835,0.00670277,0.00682849,0.006767395,0.00679127
0.006735014,0.0066899,0.00676599,0.00674266,0.00670434
0.006767654,0.00670007,0.00691654,0.006720695,0.00671442
0.006755614,0.0066672,0.00681594,0.006755845,0.00676927
0.006750309,0.00667415,0.00685921,0.006735525,0.00669233
0.006759169,0.00667541,0.00699931,0.006704505,0.00699931
0.006724094,0.0066772,0.0068432,0.006711895,0.0068432
0.006758673,0.00667807,0.00699917,0.006726925,0.0067027
0.006759704,0.00666217,0.00687889,0.006751085,0.00674742
0.006731351,0.00666976,0.00689895,0.00670261,0.00669397
0.006752404,0.00666081,0.00683742,0.006747535,0.00677524
0.006772855,0.00665799,0.00695541,0.006707935,0.00671685
0.00683353,0.00665802,0.00744755,0.00675424,0.00744755
0.006793109,0.00666406,0.00728114,0.00672869,0.00666956
0.006703373,0.0066578,0.0067444,0.00669948,0.0066578
0.006704989,0.00665459,0.00682434,0.006693545,0.0066757
0.006695115,0.00665017,0.00678868,0.006690005,0.00678868
0.006710079,0.00665946,0.00676011,0.006705695,0.00669968
0.006791028,0.00665334,0.00708522,0.00675534,0.00677675
0.006741424,0.00664573,0.00698013,0.006704765,0.00675224
0.006808923,0.0066404,0.00728595,0.00673876,0.00679184
0.006698729,0.0066312,0.00683815,0.006687765,0.00663247
0.006698712,0.00663255,0.00680914,0.00669152,0.00671025
0.006721629,0.00667164,0.00695356,0.006676895,0.00671637
0.006768324,0.00664571,0.00709693,0.00668239,0.00664571
0.006719146,0.00662581,0.00679314,0.00672276,0.00672463
0.006722091,0.00663058,0.00685977,0.00671402,0.00679557
0.006711078,0.00662731,0.00689809,0.006686355,0.00674832
0.006819624,0.00664275,0.00772734,0.00668968,0.00672404
0.006698209,0.00664786,0.00684598,0.00666434,0.00666572
0.006714581,0.00664543,0.00680606,0.006690925,0.00679199
0.006673149,0.006627,0.00675384,0.006662235,0.00675384
0.00675162,0.00663794,0.0069302,0.00671913,0.00666803
0.006683736,0.00664078,0.00674093,0.0066716,0.00666593
0.006752367,0.00662847,0.00704689,0.006667525,0.00704689
0.00674875,0.00665445,0.00689406,0.00674836,0.00676722
0.006733284,0.00662945,0.00691076,0.006718745,0.00674947
0.006683686,0.00663221,0.00682204,0.006670395,0.00667082
0.006696095,0.00661962,0.00682639,0.006678345,0.00674439
0.006709327,0.00663844,0.00683497,0.006673035,0.00675525
0.00670822,0.00663052,0.00710082,0.006643705,0.00664481
0.006688022,0.00663095,0.00675422,0.006683095,0.00675422
0.006712681,0.00663776,0.00683551,0.00669283,0.00664766
0.006750924,0.00661387,0.00703857,0.00667727,0.00694194
0.006703489,0.00664157,0.00683675,0.006679725,0.00664317
0.006831387,0.00663106,0.00787759,0.00670013,0.00663592
0.006659349,0.00663128,0.0067217,0.00665293,0.00666423
0.006744913,0.0066357,0.00701617,0.00669912,0.00673778
0.006673164,0.00664008,0.0067372,0.00666147,0.0067372
0.006722972,0.00665428,0.00683,0.006712715,0.00675043
0.006697667,0.00663101,0.00682493,0.006660065,0.00663101
0.006707804,0.00662295,0.00697022,0.0066558,0.00664303
0.006706409,0.00662368,0.00691773,0.006659865,0.00666379
0.006710674,0.00663094,0.00691474,0.00667805,0.00664508
0.006681491,0.0066272,0.0067562,0.006683285,0.0066532
0.006761964,0.00662839,0.00734746,0.006677655,0.00673438
0.006669495,0.00662173,0.00678804,0.0066492,0.00664203
0.006671919,0.00661504,0.00677408,0.00666555,0.00669911
0.00671216,0.00663252,0.00690563,0.00667287,0.00668856
0.0066973,0.00663221,0.00681306,0.0066558,0.00672368
0.006673081,0.0066312,0.00673726,0.006668375,0.00663172
0.006695366,0.0066241,0.00687459,0.006670475,0.00663141
0.006749128,0.00661523,0.00707318,0.006710225,0.00672276
0.006688689,0.00664157,0.00689638,0.00665135,0.00664294
0.006715464,0.00661836,0.00691579,0.006676675,0.00691579
0.006712705,0.00661173,0.00683817,0.00669919,0.00666262
0.006689332,0.00661263,0.00682799,0.006683385,0.00670678
0.006684446,0.00661766,0.00681957,0.0066638,0.00666814
0.006671078,0.00663246,0.00672638,0.006663045,0.00666891
0.006781745,0.0066317,0.00713193,0.00669315,0.0066317
0.006671725,0.0066158,0.0068125,0.00665229,0.00661822
0.006815399,0.00663744,0.00758332,0.00668657,0.00676312
0.006697176,0.00661495,0.00686224,0.00669135,0.00668295
0.006702251,0.00663621,0.00687684,0.00666414,0.00687684
0.006705236,0.00665075,0.00681689,0.00667801,0.00669752
0.006699384,0.00661564,0.00679523,0.006695315,0.00679523
0.00667299,0.00663431,0.00674361,0.006662015,0.00664655
0.006729813,0.00662464,0.00716418,0.00667449,0.0066815
0.006728761,0.00660888,0.00711652,0.006648375,0.00674642
0.006689361,0.00663582,0.006823,0.00665527,0.00669128
0.006673247,0.00661964,0.00677188,0.00666193,0.00663132
0.0067136,0.00663868,0.00681484,0.006710535,0.0066909
0.006733704,0.0066234,0.00715175,0.006669825,0.00666817
0.006686714,0.00661906,0.00682099,0.006650015,0.00664356
0.006703736,0.00663988,0.00681632,0.00669601,0.00670257
0.006759253,0.00662612,0.00702365,0.00669788,0.00674889
0.006724495,0.00663548,0.00690137,0.00670329,0.00664753
0.006727775,0.00662241,0.00685844,0.00673338,0.00662465
0.006691221,0.00662993,0.00677005,0.00666718,0.00674924
0.006702789,0.00662078,0.0067972,0.00669592,0.00676166
0.006721895,0.00663084,0.00676581,0.00674401,0.00674556
0.006724181,0.00661905,0.00683763,0.00672474,0.00676104
0.006721026,0.0066153,0.0068895,0.00671146,0.00676106
0.006719188,0.00663104,0.006993,0.00665478,0.00663999
0.006721899,0.00660828,0.00685578,0.00669236,0.00685578
