0_Avg-Duration_s,0_Min-Duration_s,0_Max-Duration_s,0_Median-Duration_s,0_MainRank-Duration_s
8.9266e-05,8.0456e-05,0.000100465,8.9353e-05,8.7649e-05
7.9292e-05,7.265e-05,9.4222e-05,7.8046e-05,7.763e-05
9.272e-05,8.0756e-05,0.000107708,9.1793e-05,9.0745e-05
8.7687e-05,7.8102e-05,9.7319e-05,8.7839e-05,9.2319e-05
9.0687e-05,8.3422e-05,0.000100825,9.0806e-05,9.0776e-05
9.9988e-05,8.8852e-05,0.000114902,9.9664e-05,0.000102809
8.7136e-05,7.8161e-05,0.000105584,8.6673e-05,8.5305e-05
8.4587e-05,7.4676e-05,0.000100515,8.1467e-05,8.5104e-05
9.064e-05,8.1437e-05,9.9092e-05,9.071e-05,9.6197e-05
8.1076e-05,6.8151e-05,0.000101587,8.4588e-05,8.7409e-05
7.6629e-05,7.0095e-05,8.4653e-05,7.6528e-05,7.3863e-05
6.3884e-05,5.7591e-05,6.7691e-05,6.425e-05,6.0357e-05
7.0854e-05,6.0958e-05,8.8471e-05,6.7997e-05,8.0837e-05
5.7352e-05,5.181e-05,6.8362e-05,5.7487e-05,5.7572e-05
6.4535e-05,5.7711e-05,8.1788e-05,6.4395e-05,6.3573e-05
6.021e-05,5.4325e-05,7.0837e-05,5.9981e-05,5.8343e-05
6.0846e-05,5.5146e-05,6.9724e-05,6.0226e-05,6.0377e-05
5.6799e-05,5.1841e-05,6.3613e-05,5.6474e-05,5.4646e-05
5.6756e-05,5.0909e-05,6.3773e-05,5.6399e-05,5.5377e-05
5.9432e-05,5.5207e-05,6.4986e-05,5.9314e-05,6.0196e-05
5.7047e-05,5.3423e-05,6.3433e-05,5.6925e-05,5.7481e-05
5.7464e-05,5.2191e-05,6.3603e-05,5.696e-05,5.5167e-05
5.6755e-05,5.1759e-05,6.6108e-05,5.6144e-05,5.5347e-05
5.7274e-05,5.2371e-05,6.725e-05,5.7176e-05,5.7711e-05
5.8004e-05,5.3684e-05,7.0827e-05,5.7857e-05,5.6419e-05
6.2799e-05,5.7652e-05,6.8844e-05,6.2882e-05,6.3633e-05
6.0801e-05,5.5688e-05,6.9104e-05,6.0768e-05,5.8844e-05
5.7683e-05,5.18e-05,6.6188e-05,5.7716e-05,5.6289e-05
5.6579e-05,5.1399e-05,6.5868e-05,5.6534e-05,5.5337e-05
5.6709e-05,5.1169e-05,6.5647e-05,5.6736e-05,6.0508e-05
5.8505e-05,5.3473e-05,6.6258e-05,5.8248e-05,5.708e-05
5.7682e-05,5.2421e-05,6.4936e-05,5.7606e-05,5.671e-05
5.7663e-05,5.3072e-05,6.682e-05,5.7621e-05,5.5728e-05
5.8929e-05,5.3433e-05,6.9275e-05,5.8624e-05,6.0327e-05
5.734e-05,5.164e-05,6.4825e-05,5.7186e-05,5.5207e-05
5.8248e-05,5.3363e-05,6.4966e-05,5.8168e-05,5.6549e-05
5.7356e-05,5.2913e-05,6.5016e-05,5.7196e-05,5.6659e-05
5.7973e-05,5.197e-05,6.705e-05,5.7586e-05,5.7872e-05
5.6781e-05,5.2241e-05,6.3864e-05,5.6679e-05,5.7231e-05
5.8268e-05,5.3433e-05,6.7451e-05,5.7832e-05,5.7952e-05
5.7818e-05,5.3113e-05,6.6328e-05,5.7671e-05,5.5778e-05
5.6511e-05,5.1519e-05,6.4945e-05,5.6395e-05,5.4706e-05
5.806e-05,5.3082e-05,6.5226e-05,5.8218e-05,5.9024e-05
5.7367e-05,5.183e-05,6.696e-05,5.7061e-05,5.5107e-05
5.9308e-05,5.5067e-05,6.5687e-05,5.925e-05,5.8584e-05
5.825e-05,5.3202e-05,6.721e-05,5.8163e-05,5.705e-05
5.8189e-05,5.2492e-05,6.6779e-05,5.8068e-05,5.7591e-05
5.6917e-05,5.17e-05,6.6398e-05,5.677e-05,5.6129e-05
5.6859e-05,5.2572e-05,6.5517e-05,5.6554e-05,5.6149e-05
5.6089e-05,5.2031e-05,6.4525e-05,5.5693e-05,5.4476e-05
5.885e-05,5.4927e-05,6.3964e-05,5.8654e-05,5.7872e-05
5.7185e-05,5.183e-05,6.5948e-05,5.6775e-05,5.4816e-05
5.7234e-05,5.1911e-05,6.3413e-05,5.72e-05,5.5748e-05
5.6931e-05,5.1189e-05,6.8402e-05,5.6799e-05,5.4946e-05
5.7414e-05,5.2261e-05,6.8513e-05,5.7426e-05,5.8884e-05
5.7828e-05,5.3384e-05,6.4736e-05,5.7571e-05,5.5567e-05
5.7896e-05,5.4075e-05,6.6157e-05,5.7762e-05,5.8153e-05
5.6121e-05,5.158e-05,6.4495e-05,5.6219e-05,5.4675e-05
5.6417e-05,5.187e-05,6.2702e-05,5.6565e-05,5.5046e-05
5.6525e-05,5.194e-05,6.7631e-05,5.6139e-05,5.5367e-05
5.7119e-05,5.202e-05,6.6869e-05,5.72e-05,5.5898e-05
5.6181e-05,5.1569e-05,6.5206e-05,5.6139e-05,5.4025e-05
5.6632e-05,5.2561e-05,6.5506e-05,5.6359e-05,5.713e-05
5.672e-05,5.1099e-05,6.8312e-05,5.6489e-05,5.5888e-05
5.7638e-05,5.2642e-05,6.4195e-05,5.7862e-05,5.5888e-05
5.5759e-05,5.2171e-05,6.3683e-05,5.5417e-05,5.4104e-05
5.6711e-05,5.2191e-05,6.6028e-05,5.6599e-05,5.5467e-05
5.8488e-05,5.4064e-05,6.6028e-05,5.8263e-05,6.0267e-05
5.7501e-05,5.2651e-05,6.7641e-05,5.7541e-05,5.5928e-05
5.7817e-05,5.218e-05,6.5677e-05,5.7682e-05,5.7682e-05
5.6249e-05,5.1138e-05,6.3312e-05,5.6229e-05,5.4255e-05
5.7545e-05,5.2412e-05,6.687e-05,5.7111e-05,5.7832e-05
5.6974e-05,5.1119e-05,6.5306e-05,5.714e-05,5.7311e-05
5.6081e-05,5.189e-05,6.4145e-05,5.5973e-05,5.5748e-05
5.6149e-05,5.22e-05,6.3503e-05,5.6209e-05,5.4325e-05
5.6745e-05,5.2491e-05,6.5637e-05,5.6619e-05,5.5778e-05
5.7272e-05,5.1981e-05,6.5857e-05,5.7135e-05,5.708e-05
5.6729e-05,5.201e-05,6.3523e-05,5.6524e-05,5.4796e-05
5.6316e-05,5.1159e-05,6.714e-05,5.5939e-05,5.5358e-05
5.7974e-05,5.2601e-05,6.6809e-05,5.7998e-05,5.7321e-05
5.6267e-05,5.0959e-05,6.3783e-05,5.6419e-05,5.6639e-05
5.9642e-05,5.4675e-05,6.5437e-05,5.94e-05,5.9175e-05
5.7093e-05,5.1199e-05,6.3834e-05,5.7081e-05,5.6459e-05
5.6037e-05,5.1118e-05,6.4204e-05,5.6033e-05,5.4666e-05
5.6381e-05,5.1028e-05,6.4846e-05,5.6524e-05,5.4516e-05
5.9911e-05,5.2501e-05,6.5136e-05,5.9942e-05,5.7451e-05
5.5843e-05,5.0287e-05,6.4735e-05,5.5347e-05,5.5658e-05
5.6576e-05,5.178e-05,6.4345e-05,5.6224e-05,5.3744e-05
5.6052e-05,5.1179e-05,6.6819e-05,5.6043e-05,5.4194e-05
5.8404e-05,5.1871e-05,6.4976e-05,5.8523e-05,5.5668e-05
5.5757e-05,5.1279e-05,6.3202e-05,5.5673e-05,5.8323e-05
5.7687e-05,5.2942e-05,6.748e-05,5.7687e-05,5.672e-05
5.6135e-05,5.1309e-05,6.3162e-05,5.5958e-05,5.4125e-05
5.7613e-05,5.2481e-05,6.5678e-05,5.7281e-05,5.8884e-05
5.654e-05,5.1459e-05,6.3562e-05,5.6529e-05,5.5617e-05
5.6338e-05,5.2392e-05,6.3553e-05,5.6149e-05,5.681e-05
5.6818e-05,5.1339e-05,6.3834e-05,5.6745e-05,5.4306e-05
5.7409e-05,5.163e-05,6.5577e-05,5.7281e-05,5.4666e-05
5.6992e-05,5.1329e-05,6.5978e-05,5.661e-05,5.5257e-05
5.6786e-05,5.1871e-05,6.6338e-05,5.688e-05,5.5277e-05
5.8955e-05,5.3634e-05,6.8653e-05,5.8759e-05,5.4015e-05
5.8246e-05,5.2031e-05,6.9164e-05,5.8683e-05,6.3072e-05
5.9464e-05,5.4495e-05,6.4244e-05,5.9871e-05,5.9585e-05
5.6309e-05,5.1139e-05,6.5296e-05,5.5903e-05,5.2291e-05
6.1065e-05,5.5938e-05,6.734e-05,6.1204e-05,5.7241e-05
5.6021e-05,5.0958e-05,6.2671e-05,5.6154e-05,5.5457e-05
5.6072e-05,5.164e-05,6.5036e-05,5.6024e-05,5.5037e-05
5.7899e-05,5.2571e-05,6.5196e-05,5.7952e-05,5.8974e-05
5.8409e-05,5.2962e-05,6.5427e-05,5.8494e-05,5.6209e-05
5.6493e-05,5.0468e-05,6.4045e-05,5.6178e-05,5.4906e-05
5.6316e-05,5.2111e-05,6.4895e-05,5.6109e-05,5.4345e-05
5.6781e-05,5.1749e-05,6.6539e-05,5.6655e-05,5.6639e-05
5.8777e-05,5.4195e-05,6.696e-05,5.8839e-05,5.9174e-05
5.8851e-05,5.3683e-05,6.4455e-05,5.8794e-05,5.8373e-05
5.5856e-05,5.2122e-05,6.72e-05,5.5432e-05,5.5417e-05
5.6091e-05,5.0648e-05,6.3874e-05,5.6259e-05,5.5287e-05
5.8702e-05,5.4726e-05,6.4605e-05,5.8658e-05,5.8393e-05
5.6532e-05,5.2071e-05,6.5036e-05,5.6304e-05,5.9886e-05
5.9781e-05,5.4465e-05,6.6419e-05,6.0097e-05,5.9044e-05
5.7415e-05,5.3934e-05,6.4836e-05,5.728e-05,5.705e-05
5.7339e-05,5.1299e-05,7.0116e-05,5.6951e-05,5.688e-05
5.7383e-05,5.2672e-05,6.6429e-05,5.7457e-05,5.7371e-05
5.6861e-05,5.185e-05,6.3152e-05,5.7056e-05,5.657e-05
6.0025e-05,5.5828e-05,6.5646e-05,5.9926e-05,5.7761e-05
5.7518e-05,5.2181e-05,6.4535e-05,5.7627e-05,5.9705e-05
5.7578e-05,5.2111e-05,6.4906e-05,5.7602e-05,5.6419e-05
5.6883e-05,5.2181e-05,6.6249e-05,5.667e-05,5.5227e-05
5.6822e-05,5.189e-05,6.4154e-05,5.6378e-05,5.7512e-05
5.7475e-05,5.2552e-05,6.7891e-05,5.7451e-05,5.714e-05
6.0383e-05,5.5828e-05,6.8042e-05,6.0182e-05,5.9996e-05
5.6315e-05,5.164e-05,6.7791e-05,5.6143e-05,5.5517e-05
5.7216e-05,5.2752e-05,6.691e-05,5.7367e-05,5.3633e-05
5.715e-05,5.1629e-05,6.8312e-05,5.6895e-05,5.7902e-05
5.5927e-05,5.1599e-05,6.4966e-05,5.5923e-05,5.5036e-05
5.9382e-05,5.4336e-05,6.6659e-05,5.942e-05,5.6619e-05
5.7745e-05,5.1349e-05,6.5026e-05,5.7773e-05,5.6329e-05
5.612e-05,5.193e-05,6.3493e-05,5.6474e-05,5.5348e-05
5.7202e-05,5.2322e-05,6.4825e-05,5.7331e-05,5.691e-05
5.5911e-05,5.18e-05,6.242e-05,5.6214e-05,5.4636e-05
6.0743e-05,5.4355e-05,7.1668e-05,6.0577e-05,5.9605e-05
5.6351e-05,5.1419e-05,6.3714e-05,5.6345e-05,5.4946e-05
5.5855e-05,5.212e-05,6.2962e-05,5.5502e-05,5.3854e-05
5.6412e-05,5.181e-05,6.2631e-05,5.6369e-05,5.6459e-05
5.7564e-05,5.2361e-05,6.3673e-05,5.7632e-05,5.4946e-05
5.6515e-05,5.2652e-05,6.3202e-05,5.6554e-05,5.7171e-05
5.8205e-05,5.3353e-05,6.5317e-05,5.7993e-05,5.681e-05
5.9355e-05,5.4656e-05,6.6238e-05,5.9234e-05,6.0928e-05
6.144e-05,5.724e-05,6.9275e-05,6.166e-05,6.0938e-05
5.692e-05,5.2401e-05,6.7851e-05,5.6851e-05,5.6439e-05
5.7476e-05,5.2832e-05,6.6959e-05,5.7362e-05,5.7051e-05
5.8779e-05,5.2722e-05,6.8843e-05,5.8498e-05,5.8884e-05
5.7893e-05,5.198e-05,6.6429e-05,5.7631e-05,6.0407e-05
5.7118e-05,5.207e-05,6.5948e-05,5.7235e-05,5.6249e-05
5.6024e-05,5.2121e-05,6.2281e-05,5.6274e-05,5.4516e-05
5.6631e-05,5.1901e-05,6.3373e-05,5.6429e-05,5.6409e-05
5.9963e-05,5.3122e-05,6.7531e-05,6.0057e-05,6.1509e-05
5.6881e-05,5.0677e-05,6.5257e-05,5.6925e-05,5.7231e-05
5.7557e-05,5.3123e-05,6.5396e-05,5.7631e-05,5.8914e-05
5.7856e-05,5.2522e-05,6.6719e-05,5.7742e-05,5.4676e-05
5.9486e-05,5.4075e-05,6.738e-05,5.9385e-05,5.6008e-05
5.6627e-05,5.1238e-05,6.5798e-05,5.6353e-05,5.9976e-05
5.9931e-05,5.5087e-05,6.8753e-05,5.9882e-05,6.0828e-05
5.8999e-05,5.2651e-05,6.4885e-05,5.8764e-05,5.8133e-05
5.7735e-05,5.1159e-05,6.6719e-05,5.7381e-05,5.4556e-05
5.5956e-05,5.1079e-05,6.5296e-05,5.5928e-05,5.7301e-05
5.6616e-05,5.1499e-05,6.7731e-05,5.6604e-05,5.5618e-05
5.981e-05,5.3945e-05,6.727e-05,5.9741e-05,6.3663e-05
5.6531e-05,5.1579e-05,6.3874e-05,5.6644e-05,5.5497e-05
5.6564e-05,5.1589e-05,6.3253e-05,5.6194e-05,5.7912e-05
5.5708e-05,5.0898e-05,6.4625e-05,5.5713e-05,5.4565e-05
5.7085e-05,5.2632e-05,6.5015e-05,5.7266e-05,5.693e-05
5.933e-05,5.4365e-05,7.0977e-05,5.933e-05,5.8163e-05
5.7386e-05,5.165e-05,6.7931e-05,5.7556e-05,5.6599e-05
5.6325e-05,5.1569e-05,6.3502e-05,5.6119e-05,5.5237e-05
5.8667e-05,5.3944e-05,6.5697e-05,5.8458e-05,5.9686e-05
5.6923e-05,5.188e-05,6.3693e-05,5.7346e-05,5.7722e-05
5.6404e-05,5.0178e-05,6.4905e-05,5.6108e-05,5.5397e-05
6.0927e-05,5.5777e-05,6.8422e-05,6.1039e-05,6.3333e-05
5.7547e-05,5.2912e-05,6.3964e-05,5.7546e-05,5.7331e-05
5.6488e-05,5.1018e-05,6.4024e-05,5.6615e-05,5.4535e-05
5.6097e-05,5.2381e-05,6.4696e-05,5.5738e-05,5.7331e-05
5.6521e-05,5.1479e-05,6.7591e-05,5.6485e-05,5.6269e-05
5.9705e-05,5.4465e-05,6.5356e-05,5.9666e-05,6.2391e-05
5.7172e-05,5.2792e-05,6.2361e-05,5.7231e-05,5.672e-05
5.6528e-05,5.195e-05,6.2861e-05,5.6619e-05,5.5948e-05
5.58e-05,5.2322e-05,6.2992e-05,5.5442e-05,5.692e-05
5.7323e-05,5.2561e-05,6.4665e-05,5.7176e-05,5.7451e-05
5.8602e-05,5.3093e-05,6.754e-05,5.8258e-05,5.8563e-05
5.5927e-05,5.147e-05,6.5978e-05,5.5778e-05,5.4305e-05
5.627e-05,5.148e-05,6.3193e-05,5.6559e-05,5.9575e-05
5.6311e-05,5.1369e-05,6.3223e-05,5.5999e-05,5.4255e-05
5.6202e-05,5.1089e-05,6.2671e-05,5.5923e-05,6.0938e-05
5.6858e-05,5.156e-05,6.3773e-05,5.668e-05,5.7662e-05
5.9235e-05,5.4155e-05,6.5477e-05,5.9084e-05,5.699e-05
5.5992e-05,5.0538e-05,6.3703e-05,5.5754e-05,5.3263e-05
5.7022e-05,5.1118e-05,6.2912e-05,5.7251e-05,5.5597e-05
5.6191e-05,5.2081e-05,6.5317e-05,5.5803e-05,5.684e-05
5.8264e-05,5.3734e-05,6.5005e-05,5.8287e-05,5.6218e-05
5.7637e-05,5.217e-05,6.7571e-05,5.7682e-05,5.7952e-05
5.7294e-05,5.2762e-05,6.6779e-05,5.7135e-05,5.5958e-05
5.6795e-05,5.2752e-05,6.198e-05,5.689e-05,5.7591e-05
5.695e-05,5.2221e-05,6.3653e-05,5.697e-05,5.4896e-05
5.7321e-05,5.2862e-05,6.4956e-05,5.7481e-05,5.7702e-05
5.976e-05,5.5417e-05,6.6509e-05,5.954e-05,6.0528e-05
5.6699e-05,5.164e-05,6.4515e-05,5.6685e-05,5.7952e-05
5.8792e-05,5.5076e-05,6.5286e-05,5.8769e-05,5.8673e-05
5.6636e-05,5.0889e-05,6.726e-05,5.655e-05,5.5327e-05
5.7161e-05,5.2251e-05,6.4054e-05,5.7452e-05,5.6329e-05
5.5736e-05,5.1279e-05,6.2982e-05,5.5663e-05,5.4114e-05
6.258e-05,5.7562e-05,6.9074e-05,6.2551e-05,6.0637e-05
5.7578e-05,5.2421e-05,6.4445e-05,5.7702e-05,5.8794e-05
5.6572e-05,5.1921e-05,6.4845e-05,5.662e-05,5.672e-05
5.6567e-05,5.1559e-05,6.2501e-05,5.662e-05,5.5297e-05
5.7458e-05,5.3073e-05,6.5427e-05,5.702e-05,5.696e-05
5.9166e-05,5.4134e-05,6.9084e-05,5.8969e-05,5.8694e-05
5.6894e-05,5.2883e-05,6.3203e-05,5.6479e-05,5.7992e-05
5.5559e-05,5.15e-05,6.2762e-05,5.5603e-05,5.4615e-05
5.7251e-05,5.134e-05,6.4414e-05,5.7281e-05,5.7151e-05
5.7638e-05,5.2582e-05,6.3283e-05,5.7617e-05,5.6951e-05
5.8485e-05,5.3133e-05,6.6899e-05,5.8273e-05,6.1239e-05
5.6603e-05,5.206e-05,6.3393e-05,5.6309e-05,5.5818e-05
5.7066e-05,5.0999e-05,6.4004e-05,5.6781e-05,5.7912e-05
5.6112e-05,5.1199e-05,6.8413e-05,5.5938e-05,5.5628e-05
5.722e-05,5.189e-05,6.5998e-05,5.7236e-05,6.0988e-05
5.6325e-05,5.183e-05,6.2131e-05,5.6565e-05,5.6921e-05
6.3281e-05,5.8153e-05,7.3232e-05,6.3007e-05,6.2761e-05
5.6929e-05,5.196e-05,6.72e-05,5.6935e-05,5.5507e-05
5.6116e-05,5.1439e-05,6.5567e-05,5.6088e-05,5.5016e-05
5.7478e-05,5.3955e-05,6.2591e-05,5.7216e-05,5.5006e-05
5.7694e-05,5.2272e-05,6.6028e-05,5.7683e-05,5.8142e-05
6.3266e-05,5.7521e-05,6.746e-05,6.3458e-05,6.4124e-05
5.5928e-05,5.167e-05,6.197e-05,5.5648e-05,5.5207e-05
5.8187e-05,5.4746e-05,6.4414e-05,5.7853e-05,5.7531e-05
5.6305e-05,5.1288e-05,6.3684e-05,5.6359e-05,5.5327e-05
5.6465e-05,5.18e-05,6.3704e-05,5.6704e-05,5.4706e-05
5.8408e-05,5.2922e-05,6.8092e-05,5.8067e-05,5.656e-05
5.7085e-05,5.207e-05,6.6589e-05,5.6855e-05,5.5397e-05
5.6026e-05,5.2341e-05,6.166e-05,5.6043e-05,5.6319e-05
5.6547e-05,5.2721e-05,6.2611e-05,5.6235e-05,5.7251e-05
5.6809e-05,5.2241e-05,6.4916e-05,5.6951e-05,5.7081e-05
5.9789e-05,5.6529e-05,6.3523e-05,5.9731e-05,6.0366e-05
5.9128e-05,5.4855e-05,6.4364e-05,5.8869e-05,5.9395e-05
5.7226e-05,5.2552e-05,6.5827e-05,5.7175e-05,5.7622e-05
5.7237e-05,5.171e-05,6.5837e-05,5.7136e-05,5.6218e-05
6.2875e-05,5.7451e-05,7.0417e-05,6.3232e-05,6.1559e-05
5.622e-05,5.177e-05,6.5256e-05,5.6249e-05,5.5016e-05
6.0284e-05,5.5969e-05,6.734e-05,6.0306e-05,6.1228e-05
5.6735e-05,5.2351e-05,6.3142e-05,5.6675e-05,5.7251e-05
6.1779e-05,5.129e-05,6.8012e-05,6.222e-05,6.3112e-05
5.61e-05,5.2311e-05,6.3633e-05,5.5848e-05,5.5417e-05
5.6025e-05,5.136e-05,6.4395e-05,5.5939e-05,5.4165e-05
5.9388e-05,5.3905e-05,6.9254e-05,5.9215e-05,5.7361e-05
5.9774e-05,5.2993e-05,7.1188e-05,5.9846e-05,5.8653e-05
5.6885e-05,5.1459e-05,6.5697e-05,5.688e-05,5.6509e-05
5.6239e-05,5.2301e-05,6.229e-05,5.6028e-05,5.6078e-05
5.7669e-05,5.2341e-05,6.5837e-05,5.7416e-05,5.648e-05
5.7283e-05,5.226e-05,6.3874e-05,5.7297e-05,5.8954e-05
6.0015e-05,5.6139e-05,6.6639e-05,5.9941e-05,5.9625e-05
5.6092e-05,5.1179e-05,6.1369e-05,5.6108e-05,5.5718e-05
5.8123e-05,5.179e-05,6.7411e-05,5.7331e-05,5.3603e-05
5.7603e-05,5.2091e-05,6.5997e-05,5.7691e-05,6.159e-05
5.5919e-05,5.207e-05,6.2451e-05,5.6088e-05,5.4966e-05
6.0502e-05,5.6961e-05,6.719e-05,6.0377e-05,6.242e-05
5.7684e-05,5.2953e-05,6.6619e-05,5.7686e-05,5.7822e-05
5.5965e-05,5.1871e-05,6.3312e-05,5.5953e-05,5.4886e-05
5.5915e-05,5.1749e-05,6.2311e-05,5.5562e-05,5.5397e-05
5.6146e-05,5.2051e-05,6.1659e-05,5.6159e-05,5.685e-05
5.8807e-05,5.3343e-05,6.8933e-05,5.8694e-05,5.714e-05
5.7558e-05,5.2121e-05,6.4816e-05,5.7617e-05,5.8142e-05
5.5825e-05,5.1259e-05,6.2371e-05,5.5924e-05,5.5578e-05
5.5946e-05,5.2041e-05,6.2672e-05,5.5598e-05,5.6289e-05
6.1388e-05,5.8423e-05,6.6148e-05,6.1259e-05,5.9786e-05
5.7023e-05,5.3544e-05,6.3603e-05,5.6479e-05,5.8553e-05
5.8589e-05,5.4035e-05,6.4285e-05,5.8418e-05,5.7431e-05
5.6972e-05,5.156e-05,6.2631e-05,5.6946e-05,5.8203e-05
6.0677e-05,5.668e-05,6.6979e-05,6.0241e-05,5.9215e-05
5.9505e-05,5.4716e-05,6.4555e-05,5.9355e-05,5.9525e-05
5.5862e-05,5.0909e-05,6.6088e-05,5.5973e-05,5.3684e-05
6.0397e-05,5.3122e-05,6.681e-05,6.0702e-05,6.2481e-05
6.6223e-05,5.6489e-05,7.1719e-05,6.704e-05,6.4505e-05
5.5247e-05,5.1039e-05,6.172e-05,5.5046e-05,5.4525e-05
5.6705e-05,5.2171e-05,6.4856e-05,5.648e-05,5.6139e-05
5.6451e-05,5.1339e-05,6.4064e-05,5.6604e-05,5.5889e-05
5.9184e-05,5.3202e-05,6.7059e-05,5.8885e-05,5.9816e-05
5.6452e-05,5.0819e-05,6.8163e-05,5.6234e-05,5.3313e-05
5.7494e-05,5.2812e-05,6.4745e-05,5.7616e-05,5.7101e-05
5.6868e-05,5.2481e-05,6.177e-05,5.6725e-05,6.0156e-05
5.7622e-05,5.2652e-05,7.0246e-05,5.7261e-05,5.7912e-05
5.9262e-05,5.5147e-05,6.6639e-05,5.939e-05,5.9485e-05
5.9632e-05,5.5437e-05,6.6329e-05,5.9551e-05,5.8674e-05
5.9337e-05,5.4155e-05,6.9224e-05,5.938e-05,5.9194e-05
5.7343e-05,5.1649e-05,6.6909e-05,5.6916e-05,5.4705e-05
5.6528e-05,5.1639e-05,6.3923e-05,5.6555e-05,5.5217e-05
5.6075e-05,5.2192e-05,6.2882e-05,5.6068e-05,5.8863e-05
5.879e-05,5.4435e-05,6.5617e-05,5.8769e-05,5.5958e-05
5.6513e-05,5.2241e-05,6.5236e-05,5.6098e-05,5.8212e-05
5.7116e-05,5.2521e-05,6.4795e-05,5.727e-05,5.664e-05
5.6989e-05,5.1749e-05,6.5858e-05,5.7135e-05,5.6229e-05
5.7418e-05,5.3373e-05,6.5738e-05,5.7757e-05,5.6739e-05
5.8749e-05,5.3423e-05,6.742e-05,5.914e-05,5.9946e-05
5.653e-05,5.1069e-05,6.9264e-05,5.6389e-05,5.8603e-05
5.6815e-05,5.174e-05,6.4195e-05,5.6945e-05,5.715e-05
5.8279e-05,5.3994e-05,6.5247e-05,5.8569e-05,5.6199e-05
5.6459e-05,5.0778e-05,6.6289e-05,5.6529e-05,5.4926e-05
5.7846e-05,5.4155e-05,6.3813e-05,5.7471e-05,5.7792e-05
5.8171e-05,5.2772e-05,6.5708e-05,5.8213e-05,5.6309e-05
5.7951e-05,5.4064e-05,6.3694e-05,5.7973e-05,5.8042e-05
5.6311e-05,5.2011e-05,6.3002e-05,5.6354e-05,5.5818e-05
5.6154e-05,5.0407e-05,6.4555e-05,5.6074e-05,5.4996e-05
5.7605e-05,5.2772e-05,6.5096e-05,5.7596e-05,5.5067e-05
6.2448e-05,5.6078e-05,6.8934e-05,6.2436e-05,6.3152e-05
5.6873e-05,5.2752e-05,6.4926e-05,5.6228e-05,5.7331e-05
5.6368e-05,5.1649e-05,6.3042e-05,5.6479e-05,5.6439e-05
5.6339e-05,5.177e-05,6.5938e-05,5.652e-05,5.6239e-05
5.7135e-05,5.151e-05,6.3032e-05,5.7025e-05,5.7601e-05
6.0675e-05,5.2892e-05,7.234e-05,6.0567e-05,6.4655e-05
5.6527e-05,5.159e-05,6.5166e-05,5.6385e-05,5.5588e-05
5.6045e-05,5.1149e-05,6.5105e-05,5.5788e-05,5.4295e-05
5.6714e-05,5.2151e-05,6.72e-05,5.6715e-05,5.6369e-05
5.6725e-05,5.153e-05,6.8593e-05,5.6916e-05,5.5428e-05
5.6144e-05,5.1129e-05,6.3173e-05,5.6088e-05,5.5788e-05
6.2877e-05,5.8693e-05,6.9054e-05,6.2716e-05,6.2401e-05
5.6891e-05,5.2211e-05,6.4515e-05,5.65e-05,5.702e-05
5.6206e-05,5.1159e-05,6.711e-05,5.6184e-05,5.7682e-05
5.8348e-05,5.2852e-05,6.4926e-05,5.8544e-05,6.0126e-05
6.0112e-05,5.5177e-05,6.5798e-05,6.0317e-05,5.7071e-05
6.342e-05,5.9776e-05,6.8864e-05,6.3383e-05,6.3122e-05
5.5929e-05,5.122e-05,6.3853e-05,5.5768e-05,5.5006e-05
5.5836e-05,5.1169e-05,6.5045e-05,5.5853e-05,5.4345e-05
5.8531e-05,5.4145e-05,6.3864e-05,5.8313e-05,5.5037e-05
5.5729e-05,5.2051e-05,6.215e-05,5.5402e-05,5.8293e-05
6.027e-05,5.2983e-05,6.9134e-05,5.9991e-05,6.3763e-05
5.6111e-05,5.1369e-05,6.3313e-05,5.6094e-05,5.5708e-05
5.8393e-05,5.3744e-05,6.4475e-05,5.8313e-05,5.5968e-05
5.5533e-05,5.0397e-05,6.724e-05,5.5693e-05,5.5848e-05
5.7309e-05,5.3333e-05,6.3623e-05,5.7241e-05,5.8263e-05
5.6563e-05,5.197e-05,6.2852e-05,5.6344e-05,5.8062e-05
6.1321e-05,5.6009e-05,6.9565e-05,6.0963e-05,6.0046e-05
5.6056e-05,5.1299e-05,6.2501e-05,5.6439e-05,5.4916e-05
5.6484e-05,5.1009e-05,6.5497e-05,5.6444e-05,5.5567e-05
5.7065e-05,5.221e-05,6.4455e-05,5.7026e-05,5.4826e-05
5.7841e-05,5.3694e-05,6.4274e-05,5.7462e-05,5.7882e-05
6.1245e-05,5.6329e-05,6.5246e-05,6.1209e-05,5.8995e-05
5.5984e-05,5.2181e-05,6.1599e-05,5.5648e-05,5.686e-05
5.6076e-05,5.2281e-05,6.4364e-05,5.5798e-05,5.5858e-05
5.7154e-05,5.219e-05,6.6729e-05,5.704e-05,5.676e-05
5.7576e-05,5.2262e-05,6.3694e-05,5.7761e-05,5.7702e-05
5.8089e-05,5.3283e-05,6.6058e-05,5.8142e-05,5.8934e-05
5.5712e-05,5.1098e-05,6.6438e-05,5.5472e-05,5.3303e-05
5.6171e-05,5.0708e-05,6.3853e-05,5.6274e-05,5.7461e-05
5.6302e-05,5.2332e-05,6.7511e-05,5.6339e-05,5.4746e-05
5.7066e-05,5.2601e-05,6.5988e-05,5.726e-05,6.0036e-05
5.736e-05,5.3103e-05,6.4174e-05,5.7487e-05,5.7401e-05
6.1028e-05,5.5958e-05,7.0677e-05,6.0692e-05,5.9866e-05
5.677e-05,5.162e-05,6.4255e-05,5.682e-05,5.679e-05
5.5381e-05,5.1269e-05,6.197e-05,5.5362e-05,5.4365e-05
5.7562e-05,5.3434e-05,6.3033e-05,5.7912e-05,5.3984e-05
5.8503e-05,5.3584e-05,6.4836e-05,5.8458e-05,5.6639e-05
6.0458e-05,5.6198e-05,6.705e-05,6.0292e-05,6.0357e-05
5.8249e-05,5.4315e-05,6.5087e-05,5.8042e-05,5.7161e-05
5.7943e-05,5.3183e-05,6.4204e-05,5.8182e-05,5.665e-05
5.6234e-05,5.196e-05,6.2892e-05,5.6599e-05,5.665e-05
5.596e-05,5.0938e-05,6.177e-05,5.6294e-05,5.6299e-05
5.8404e-05,5.3233e-05,6.5296e-05,5.8203e-05,5.7181e-05
5.7553e-05,5.3194e-05,6.4314e-05,5.7767e-05,5.5959e-05
5.6375e-05,5.166e-05,6.4605e-05,5.6414e-05,5.5397e-05
5.6231e-05,5.1139e-05,6.3473e-05,5.6365e-05,5.4796e-05
5.6405e-05,5.205e-05,6.3874e-05,5.663e-05,5.5958e-05
5.7969e-05,5.3704e-05,6.739e-05,5.7972e-05,5.5838e-05
5.8817e-05,5.3644e-05,6.6309e-05,5.8773e-05,6.0066e-05
5.649e-05,5.0418e-05,6.3824e-05,5.6569e-05,5.7521e-05
5.6132e-05,5.2341e-05,6.1168e-05,5.5828e-05,5.7831e-05
5.7838e-05,5.4065e-05,6.2852e-05,5.7627e-05,5.6489e-05
5.6318e-05,5.1961e-05,6.2271e-05,5.651e-05,5.5908e-05
5.7893e-05,5.3883e-05,6.3503e-05,5.7777e-05,5.9225e-05
5.6282e-05,5.1119e-05,6.2662e-05,5.6399e-05,5.5338e-05
5.6449e-05,5.1069e-05,6.4245e-05,5.6414e-05,5.4326e-05
5.7357e-05,5.3093e-05,6.4555e-05,5.7431e-05,5.7812e-05
5.6603e-05,5.161e-05,6.3834e-05,5.6966e-05,5.6149e-05
5.8124e-05,5.2781e-05,6.684e-05,5.8598e-05,5.717e-05
5.7336e-05,5.1218e-05,6.7762e-05,5.7271e-05,5.7592e-05
5.7255e-05,5.2211e-05,6.4565e-05,5.7572e-05,5.7561e-05
5.5957e-05,5.167e-05,6.5095e-05,5.5848e-05,5.7641e-05
5.7888e-05,5.2752e-05,6.5066e-05,5.8263e-05,5.6379e-05
5.735e-05,5.2361e-05,6.5286e-05,5.7591e-05,5.686e-05
5.8228e-05,5.3774e-05,6.6138e-05,5.7928e-05,5.6189e-05
5.6072e-05,5.217e-05,6.2721e-05,5.6074e-05,5.683e-05
5.6955e-05,5.2863e-05,6.3974e-05,5.7081e-05,5.5727e-05
5.864e-05,5.3393e-05,6.7861e-05,5.8278e-05,5.7632e-05
5.6202e-05,5.174e-05,6.3463e-05,5.6199e-05,5.7171e-05
5.7452e-05,5.4315e-05,6.4445e-05,5.696e-05,5.698e-05
5.8028e-05,5.4425e-05,6.3162e-05,5.7992e-05,5.6008e-05
5.5958e-05,5.2311e-05,6.3483e-05,5.5933e-05,5.7171e-05
5.779e-05,5.3063e-05,6.4725e-05,5.7936e-05,5.721e-05
5.5923e-05,5.154e-05,6.2812e-05,5.6214e-05,5.5076e-05
5.9854e-05,5.5006e-05,6.5718e-05,5.9886e-05,5.5588e-05
5.6707e-05,5.1249e-05,6.3533e-05,5.6906e-05,5.6399e-05
5.5802e-05,5.2442e-05,6.4505e-05,5.5378e-05,5.6209e-05
5.6563e-05,5.17e-05,6.4856e-05,5.66e-05,6.0086e-05
5.8043e-05,5.3313e-05,6.4014e-05,5.7878e-05,5.5988e-05
5.594e-05,5.1299e-05,6.225e-05,5.6094e-05,5.8322e-05
5.7946e-05,5.3573e-05,6.5207e-05,5.7983e-05,5.8212e-05
5.6253e-05,5.2701e-05,6.3683e-05,5.6159e-05,5.7762e-05
5.7157e-05,5.2752e-05,6.3373e-05,5.7392e-05,5.7782e-05
5.5875e-05,5.1259e-05,6.2802e-05,5.6024e-05,5.4886e-05
5.5933e-05,5.0909e-05,6.2721e-05,5.6309e-05,5.5297e-05
5.7412e-05,5.3423e-05,6.5617e-05,5.7201e-05,5.5267e-05
5.7852e-05,5.3654e-05,6.3172e-05,5.7782e-05,5.9134e-05
5.7241e-05,5.3213e-05,6.181e-05,5.7101e-05,5.7421e-05
5.5875e-05,5.1299e-05,6.2201e-05,5.6093e-05,5.6028e-05
5.6927e-05,5.165e-05,6.4255e-05,5.713e-05,5.705e-05
5.8715e-05,5.3263e-05,6.5066e-05,5.8859e-05,5.7561e-05
5.6358e-05,5.1359e-05,6.3714e-05,5.6289e-05,5.5237e-05
5.6655e-05,5.2612e-05,6.2651e-05,5.668e-05,5.668e-05
5.7169e-05,5.227e-05,6.3804e-05,5.7041e-05,5.6489e-05
5.7345e-05,5.2491e-05,6.7801e-05,5.7806e-05,5.6359e-05
5.6556e-05,5.1569e-05,6.6679e-05,5.687e-05,5.6429e-05
5.9212e-05,5.5016e-05,6.7431e-05,5.8969e-05,6.0146e-05
5.7297e-05,5.223e-05,6.8353e-05,5.7406e-05,5.6049e-05
5.7926e-05,5.3524e-05,6.6108e-05,5.7973e-05,5.7552e-05
5.6914e-05,5.199e-05,6.4074e-05,5.7186e-05,5.5647e-05
5.6357e-05,5.2171e-05,6.4264e-05,5.6314e-05,5.5488e-05
5.8218e-05,5.3804e-05,6.9625e-05,5.8338e-05,5.7471e-05
5.6976e-05,5.2301e-05,6.4395e-05,5.7055e-05,5.7491e-05
5.6211e-05,5.1459e-05,6.236e-05,5.6424e-05,5.5497e-05
5.5474e-05,5.1259e-05,6.226e-05,5.5613e-05,5.4335e-05
5.8381e-05,5.4806e-05,6.3242e-05,5.8383e-05,5.66e-05
5.7875e-05,5.2993e-05,6.4245e-05,5.7686e-05,5.6208e-05
5.586e-05,5.208e-05,6.205e-05,5.5532e-05,5.4485e-05
5.6342e-05,5.2401e-05,6.3232e-05,5.5923e-05,5.5988e-05
5.8131e-05,5.3544e-05,6.4665e-05,5.8233e-05,5.7051e-05
5.5941e-05,5.178e-05,6.245e-05,5.6089e-05,5.6339e-05
5.6e-05,5.0578e-05,6.4345e-05,5.6199e-05,5.6609e-05
5.7834e-05,5.3644e-05,6.4765e-05,5.7462e-05,5.7812e-05
5.7191e-05,5.3022e-05,6.4706e-05,5.7501e-05,5.727e-05
5.6222e-05,5.1249e-05,6.4375e-05,5.6299e-05,5.5026e-05
5.6769e-05,5.2432e-05,6.725e-05,5.652e-05,5.6429e-05
5.583e-05,5.152e-05,6.3373e-05,5.5979e-05,5.5026e-05
5.8135e-05,5.3955e-05,6.7711e-05,5.7877e-05,5.693e-05
5.5926e-05,5.163e-05,6.7381e-05,5.5953e-05,5.4055e-05
5.7313e-05,5.2372e-05,6.5076e-05,5.7596e-05,5.7581e-05
5.6532e-05,5.2751e-05,6.207e-05,5.6339e-05,5.6069e-05
5.9889e-05,5.5557e-05,6.6669e-05,5.9525e-05,5.8663e-05
5.8859e-05,5.4595e-05,6.4905e-05,5.8408e-05,5.7932e-05
5.591e-05,5.2011e-05,6.6679e-05,5.5994e-05,5.5518e-05
5.7832e-05,5.2621e-05,6.5097e-05,5.8113e-05,5.8112e-05
5.6007e-05,5.175e-05,6.4395e-05,5.5953e-05,5.4495e-05
5.6283e-05,5.1539e-05,6.4154e-05,5.662e-05,5.7812e-05
5.6e-05,5.173e-05,6.2531e-05,5.6123e-05,5.5949e-05
5.8799e-05,5.3874e-05,6.5626e-05,5.8389e-05,5.6249e-05
5.7041e-05,5.2251e-05,6.4245e-05,5.6855e-05,5.4586e-05
5.7061e-05,5.2802e-05,6.5517e-05,5.707e-05,5.6369e-05
5.7759e-05,5.2832e-05,6.4024e-05,5.8042e-05,5.7792e-05
5.9481e-05,5.2741e-05,6.5547e-05,5.9576e-05,5.6359e-05
5.9221e-05,5.3915e-05,6.693e-05,5.9314e-05,5.8413e-05
5.6854e-05,5.2621e-05,6.3824e-05,5.68e-05,5.4977e-05
5.635e-05,5.1519e-05,6.3683e-05,5.6434e-05,5.5116e-05
5.6739e-05,5.2341e-05,6.4024e-05,5.6921e-05,5.6088e-05
5.6337e-05,5.2421e-05,6.4685e-05,5.6224e-05,5.5527e-05
5.786e-05,5.2733e-05,6.6228e-05,5.8063e-05,5.673e-05
5.5976e-05,5.1719e-05,6.207e-05,5.6114e-05,5.6138e-05
5.7111e-05,5.2893e-05,6.3644e-05,5.6825e-05,5.6149e-05
5.6528e-05,5.2521e-05,6.2711e-05,5.675e-05,5.66e-05
5.6133e-05,5.0307e-05,6.3623e-05,5.6444e-05,5.6089e-05
5.6266e-05,5.222e-05,6.2632e-05,5.6464e-05,5.7742e-05
5.9161e-05,5.4314e-05,6.8743e-05,5.9134e-05,5.9064e-05
5.5835e-05,5.0848e-05,6.3613e-05,5.6033e-05,5.4085e-05
5.5327e-05,5.163e-05,6.3953e-05,5.5127e-05,5.4365e-05
5.6461e-05,5.18e-05,6.3753e-05,5.6539e-05,5.5227e-05
5.6828e-05,5.3112e-05,6.3723e-05,5.665e-05,5.4867e-05
5.8951e-05,5.4746e-05,6.4054e-05,5.8864e-05,5.689e-05
5.6023e-05,5.0388e-05,6.219e-05,5.5798e-05,5.6108e-05
5.6524e-05,5.2491e-05,6.202e-05,5.646e-05,5.5638e-05
5.6117e-05,5.0598e-05,6.2361e-05,5.6159e-05,5.6179e-05
5.5375e-05,5.164e-05,6.1429e-05,5.4986e-05,5.3785e-05
5.8511e-05,5.3704e-05,6.6819e-05,5.8248e-05,6.198e-05
5.6395e-05,5.1399e-05,6.5337e-05,5.6399e-05,5.5367e-05
5.7211e-05,5.1881e-05,6.3303e-05,5.7015e-05,5.8032e-05
5.6608e-05,5.2612e-05,6.4084e-05,5.5948e-05,5.5808e-05
5.7304e-05,5.3042e-05,6.5076e-05,5.7597e-05,5.7631e-05
5.6585e-05,5.1589e-05,6.3894e-05,5.6901e-05,5.8774e-05
6.0689e-05,5.4556e-05,6.8272e-05,6.1009e-05,5.9064e-05
5.5977e-05,5.1329e-05,6.5817e-05,5.5998e-05,5.4545e-05
5.6252e-05,5.1831e-05,6.5056e-05,5.6023e-05,5.5458e-05
5.7484e-05,5.2431e-05,6.6087e-05,5.6925e-05,5.3794e-05
5.7313e-05,5.2623e-05,6.3513e-05,5.709e-05,5.7121e-05
5.9776e-05,5.4786e-05,6.5016e-05,5.9801e-05,6.0136e-05
5.5917e-05,5.1369e-05,6.2842e-05,5.6043e-05,5.4355e-05
5.9236e-05,5.3103e-05,6.716e-05,5.944e-05,6.0157e-05
5.5899e-05,5.1279e-05,6.4023e-05,5.5959e-05,5.4355e-05
5.6513e-05,5.176e-05,6.3713e-05,5.6419e-05,5.4766e-05
5.9357e-05,5.3894e-05,6.5487e-05,5.934e-05,5.7441e-05
6.0863e-05,5.673e-05,6.5317e-05,6.0688e-05,6.0187e-05
5.7446e-05,5.4265e-05,6.5587e-05,5.7196e-05,5.678e-05
5.6669e-05,5.181e-05,6.3021e-05,5.6875e-05,5.6239e-05
5.5587e-05,5.2021e-05,6.2211e-05,5.5763e-05,5.6419e-05
6.167e-05,5.8513e-05,6.6548e-05,6.1459e-05,6.0658e-05
5.9186e-05,5.4535e-05,6.6338e-05,5.8889e-05,5.7431e-05
5.6945e-05,5.3253e-05,6.1469e-05,5.6895e-05,5.5908e-05
5.5859e-05,5.1409e-05,6.194e-05,5.6054e-05,5.684e-05
5.7213e-05,5.3594e-05,6.2912e-05,5.7111e-05,5.6309e-05
5.6384e-05,5.1409e-05,6.2792e-05,5.6419e-05,5.5407e-05
5.823e-05,5.3744e-05,6.8412e-05,5.7832e-05,6.0177e-05
5.7957e-05,5.2752e-05,6.5366e-05,5.8032e-05,5.7862e-05
5.8611e-05,5.0848e-05,6.4745e-05,5.8804e-05,5.6029e-05
5.607e-05,5.222e-05,6.2732e-05,5.6064e-05,5.9455e-05
5.6343e-05,5.183e-05,6.193e-05,5.641e-05,5.7191e-05
5.8811e-05,5.4445e-05,6.5857e-05,5.8633e-05,5.8353e-05
5.7082e-05,5.0989e-05,6.3703e-05,5.7216e-05,5.694e-05
5.5997e-05,5.173e-05,6.4394e-05,5.5933e-05,5.4665e-05
5.7087e-05,5.181e-05,6.5697e-05,5.709e-05,5.6479e-05
5.7638e-05,5.3664e-05,6.3543e-05,5.7502e-05,5.7181e-05
5.8653e-05,5.3092e-05,6.5006e-05,5.8534e-05,5.9365e-05
5.7446e-05,5.2672e-05,6.4556e-05,5.7361e-05,5.731e-05
5.6342e-05,5.2491e-05,6.2601e-05,5.6334e-05,5.6229e-05
5.6792e-05,5.1709e-05,6.6359e-05,5.6535e-05,5.4275e-05
5.6183e-05,5.1078e-05,6.6699e-05,5.5858e-05,5.3313e-05
5.6869e-05,5.2321e-05,6.5998e-05,5.6915e-05,5.8023e-05
5.7761e-05,5.3403e-05,6.5137e-05,5.8048e-05,5.5547e-05
5.9292e-05,5.4997e-05,6.754e-05,5.8343e-05,6.1419e-05
5.6007e-05,5.17e-05,6.3994e-05,5.6078e-05,5.4365e-05
5.6735e-05,5.2011e-05,6.2211e-05,5.6865e-05,5.4516e-05
5.6478e-05,5.1109e-05,6.228e-05,5.65e-05,5.3834e-05
6.1295e-05,5.5738e-05,6.5648e-05,6.1504e-05,6.0588e-05
5.5608e-05,5.1941e-05,6.2892e-05,5.5358e-05,5.6058e-05
5.5823e-05,5.1299e-05,6.215e-05,5.5979e-05,5.6519e-05
5.6236e-05,5.1539e-05,6.5357e-05,5.6239e-05,5.5437e-05
5.7644e-05,5.2471e-05,6.4695e-05,5.7782e-05,5.5828e-05
5.8029e-05,5.211e-05,6.4525e-05,5.7962e-05,5.8533e-05
5.9416e-05,5.3383e-05,6.6719e-05,5.9685e-05,5.8644e-05
5.5726e-05,5.2332e-05,6.1719e-05,5.5728e-05,5.5026e-05
5.9052e-05,5.3473e-05,6.5777e-05,5.926e-05,5.7431e-05
5.6605e-05,5.208e-05,6.4274e-05,5.668e-05,5.6039e-05
5.5592e-05,5.178e-05,6.1659e-05,5.5322e-05,5.4716e-05
5.7182e-05,5.3183e-05,6.3473e-05,5.6945e-05,5.6098e-05
6.3814e-05,5.7161e-05,7.1659e-05,6.3663e-05,6.2922e-05
5.628e-05,5.166e-05,6.3353e-05,5.6454e-05,5.5398e-05
5.577e-05,5.1048e-05,6.3222e-05,5.5993e-05,5.4716e-05
5.7224e-05,5.3022e-05,6.3834e-05,5.7196e-05,5.7502e-05
5.8439e-05,5.2621e-05,6.4445e-05,5.8654e-05,5.8644e-05
5.6209e-05,5.0759e-05,6.3332e-05,5.6419e-05,5.5117e-05
5.6281e-05,5.1019e-05,6.3803e-05,5.6424e-05,5.4776e-05
5.9224e-05,5.4255e-05,6.4775e-05,5.9334e-05,5.9034e-05
5.6536e-05,5.1559e-05,6.3603e-05,5.6239e-05,5.5578e-05
5.5767e-05,5.1319e-05,6.2942e-05,5.5954e-05,5.6069e-05
5.9486e-05,5.5258e-05,6.3903e-05,5.9445e-05,5.718e-05
5.7256e-05,5.3664e-05,6.2582e-05,5.679e-05,5.7401e-05
5.7492e-05,5.3593e-05,6.4735e-05,5.7341e-05,5.5638e-05
5.5948e-05,5.1369e-05,6.2561e-05,5.6189e-05,5.4896e-05
5.776e-05,5.3384e-05,6.5367e-05,5.7776e-05,5.7812e-05
5.9391e-05,5.4105e-05,6.693e-05,5.9214e-05,5.686e-05
5.6402e-05,5.18e-05,6.3543e-05,5.6073e-05,5.5879e-05
5.5887e-05,5.1299e-05,6.3232e-05,5.5963e-05,5.4726e-05
5.6233e-05,5.1439e-05,6.4565e-05,5.659e-05,5.4065e-05
5.7833e-05,5.3353e-05,6.5066e-05,5.8112e-05,5.8694e-05
5.8311e-05,5.2962e-05,6.4945e-05,5.8288e-05,5.6169e-05
5.598e-05,5.1971e-05,6.3032e-05,5.6004e-05,5.5407e-05
5.6731e-05,5.3303e-05,6.2562e-05,5.6735e-05,5.6028e-05
5.7241e-05,5.3132e-05,6.3012e-05,5.7271e-05,5.5277e-05
5.6581e-05,5.19e-05,6.3133e-05,5.659e-05,5.5197e-05
5.6078e-05,5.181e-05,6.3513e-05,5.6214e-05,5.668e-05
6.626e-05,6.2161e-05,7.3452e-05,6.6089e-05,6.6027e-05
5.7614e-05,5.3343e-05,6.3944e-05,5.8087e-05,5.676e-05
5.5961e-05,5.182e-05,6.171e-05,5.6018e-05,5.5908e-05
5.7017e-05,5.2191e-05,6.3172e-05,5.7236e-05,5.7571e-05
5.6155e-05,5.1449e-05,6.3553e-05,5.6529e-05,5.6239e-05
6.1971e-05,5.4436e-05,6.771e-05,6.202e-05,6.0497e-05
5.6331e-05,5.2813e-05,6.1899e-05,5.6058e-05,5.678e-05
5.6064e-05,5.2451e-05,6.1579e-05,5.5602e-05,5.6629e-05
5.6995e-05,5.2833e-05,6.2682e-05,5.7191e-05,5.5597e-05
6.055e-05,5.4285e-05,6.7561e-05,6.0567e-05,6.1659e-05
5.836e-05,5.3945e-05,6.7691e-05,5.7631e-05,5.7912e-05
5.5783e-05,5.1289e-05,6.3102e-05,5.5707e-05,5.5136e-05
5.7238e-05,5.2983e-05,6.3684e-05,5.6835e-05,5.4045e-05
5.629e-05,5.0999e-05,6.2331e-05,5.652e-05,5.6809e-05
5.5468e-05,5.15e-05,6.1619e-05,5.5533e-05,5.4285e-05
5.6657e-05,5.153e-05,6.3192e-05,5.6845e-05,5.6389e-05
5.8916e-05,5.5357e-05,6.4645e-05,5.8658e-05,5.8714e-05
5.6472e-05,5.0137e-05,6.3774e-05,5.648e-05,5.5358e-05
5.5798e-05,5.1339e-05,6.195e-05,5.6084e-05,5.4365e-05
5.5954e-05,5.1339e-05,6.3533e-05,5.6033e-05,5.5217e-05
5.745e-05,5.3624e-05,6.3764e-05,5.7131e-05,5.5297e-05
5.9403e-05,5.2972e-05,6.6288e-05,5.9891e-05,6.188e-05
5.6364e-05,5.191e-05,6.4645e-05,5.6293e-05,5.7511e-05
5.6165e-05,5.0808e-05,6.5648e-05,5.5993e-05,5.3985e-05
5.7467e-05,5.2311e-05,6.3303e-05,5.7587e-05,5.4896e-05
5.6068e-05,5.1089e-05,6.3222e-05,5.6269e-05,5.5397e-05
5.7731e-05,5.3134e-05,6.4595e-05,5.8028e-05,5.5979e-05
5.5889e-05,5.152e-05,6.5006e-05,5.5868e-05,5.7031e-05
5.8606e-05,5.4516e-05,6.6398e-05,5.8823e-05,5.9405e-05
5.6702e-05,5.1499e-05,6.4294e-05,5.7131e-05,5.655e-05
5.5993e-05,5.182e-05,6.2811e-05,5.6319e-05,5.4406e-05
5.701e-05,5.2701e-05,6.4656e-05,5.7046e-05,5.8674e-05
5.8807e-05,5.4876e-05,6.4044e-05,5.8343e-05,5.8233e-05
5.5652e-05,5.2201e-05,6.3032e-05,5.5227e-05,5.5617e-05
5.7264e-05,5.2422e-05,6.4455e-05,5.7061e-05,5.6499e-05
5.5994e-05,5.1349e-05,6.2681e-05,5.6134e-05,5.6199e-05
5.6897e-05,5.3223e-05,6.3804e-05,5.6975e-05,5.6679e-05
6.1223e-05,5.707e-05,6.8062e-05,6.0873e-05,6.3012e-05
5.6572e-05,5.2612e-05,6.2852e-05,5.659e-05,5.6269e-05
5.6503e-05,5.1309e-05,6.4796e-05,5.646e-05,5.5798e-05
5.7012e-05,5.169e-05,6.3964e-05,5.6985e-05,5.69e-05
5.5838e-05,5.1469e-05,6.2421e-05,5.5753e-05,5.4466e-05
5.8575e-05,5.3293e-05,6.4886e-05,5.8648e-05,5.713e-05
5.5953e-05,5.1329e-05,6.2421e-05,5.5903e-05,5.5097e-05
5.741e-05,5.2842e-05,6.3393e-05,5.7497e-05,5.8924e-05
5.6721e-05,5.2922e-05,6.5317e-05,5.6344e-05,5.7812e-05
5.6178e-05,5.178e-05,6.5998e-05,5.6239e-05,5.5166e-05
5.7822e-05,5.2982e-05,6.5097e-05,5.8173e-05,5.7442e-05
5.9712e-05,5.5687e-05,6.6178e-05,5.9605e-05,5.7311e-05
5.6195e-05,5.169e-05,6.3944e-05,5.5973e-05,5.5677e-05
5.7087e-05,5.1309e-05,6.5627e-05,5.7246e-05,5.694e-05
5.7575e-05,5.2311e-05,6.4164e-05,5.7572e-05,5.3083e-05
5.6683e-05,5.2201e-05,6.4625e-05,5.68e-05,5.638e-05
6.0629e-05,5.3984e-05,6.8613e-05,6.0682e-05,6.22e-05
5.5893e-05,5.1269e-05,6.5056e-05,5.6173e-05,5.3784e-05
5.8111e-05,5.3833e-05,6.5857e-05,5.8388e-05,5.6579e-05
5.5824e-05,5.151e-05,6.4465e-05,5.6013e-05,5.3113e-05
5.672e-05,5.207e-05,6.4515e-05,5.7151e-05,5.7321e-05
5.841e-05,5.2551e-05,6.3633e-05,5.8869e-05,5.8363e-05
5.753e-05,5.3664e-05,6.3523e-05,5.7621e-05,5.6479e-05
5.6371e-05,5.2411e-05,6.204e-05,5.631e-05,5.692e-05
5.7033e-05,5.177e-05,6.2721e-05,5.696e-05,5.4144e-05
5.6289e-05,5.19e-05,6.2531e-05,5.633e-05,5.5958e-05
5.8051e-05,5.3353e-05,6.3513e-05,5.8468e-05,5.7552e-05
5.9159e-05,5.4295e-05,6.5978e-05,5.9139e-05,5.7892e-05
5.6817e-05,5.2312e-05,6.3062e-05,5.6871e-05,5.7171e-05
5.6514e-05,5.1971e-05,6.2962e-05,5.6921e-05,5.7411e-05
5.7987e-05,5.3624e-05,6.6609e-05,5.8288e-05,5.7071e-05
5.6576e-05,5.2461e-05,6.5056e-05,5.6524e-05,5.6609e-05
5.8863e-05,5.3533e-05,6.6499e-05,5.9165e-05,5.9505e-05
5.6456e-05,5.1459e-05,6.4745e-05,5.6615e-05,5.5227e-05
5.7049e-05,5.19e-05,6.5036e-05,5.6795e-05,5.6579e-05
5.5888e-05,5.1319e-05,6.2421e-05,5.5998e-05,5.5156e-05
5.573e-05,5.174e-05,6.2832e-05,5.5903e-05,5.3674e-05
5.8557e-05,5.2391e-05,6.8393e-05,5.8283e-05,5.6469e-05
5.6513e-05,5.191e-05,6.3573e-05,5.6133e-05,5.5788e-05
5.5661e-05,5.1059e-05,6.146e-05,5.5562e-05,5.6329e-05
5.6099e-05,5.1359e-05,6.2891e-05,5.6148e-05,5.3714e-05
5.833e-05,5.2732e-05,6.6129e-05,5.8263e-05,5.5206e-05
5.7906e-05,5.3052e-05,6.712e-05,5.8022e-05,5.6639e-05
6.1223e-05,5.5508e-05,6.7169e-05,6.1289e-05,5.9034e-05
5.5593e-05,5.145e-05,6.207e-05,5.5397e-05,5.6279e-05
5.6731e-05,5.2872e-05,6.1209e-05,5.65e-05,5.3824e-05
5.6712e-05,5.201e-05,6.3082e-05,5.6315e-05,5.5267e-05
5.5677e-05,5.0198e-05,6.3874e-05,5.5903e-05,5.5598e-05
6.5041e-05,6.0156e-05,7.0596e-05,6.4941e-05,6.5547e-05
5.7145e-05,5.2341e-05,6.3442e-05,5.7261e-05,5.5948e-05
5.665e-05,5.2282e-05,6.2201e-05,5.6669e-05,5.5708e-05
5.5925e-05,5.1138e-05,6.2862e-05,5.6354e-05,5.4847e-05
5.6227e-05,5.2061e-05,6.2571e-05,5.655e-05,5.5838e-05
6.1107e-05,5.4987e-05,6.8674e-05,6.0337e-05,6.0917e-05
5.6439e-05,5.2272e-05,6.1999e-05,5.6575e-05,5.5628e-05
5.5466e-05,5.189e-05,6.226e-05,5.4902e-05,5.6099e-05
5.6616e-05,5.0508e-05,6.3763e-05,5.6709e-05,5.688e-05
5.7134e-05,5.3554e-05,6.2862e-05,5.717e-05,5.6088e-05
5.5774e-05,5.1269e-05,6.2582e-05,5.5828e-05,5.5667e-05
6.2945e-05,5.699e-05,6.9595e-05,6.2887e-05,6.2802e-05
5.6202e-05,5.1941e-05,6.2141e-05,5.6354e-05,5.5247e-05
5.8529e-05,5.4495e-05,6.5297e-05,5.8624e-05,5.7561e-05
5.5967e-05,5.1359e-05,6.6198e-05,5.6284e-05,5.4535e-05
5.7659e-05,5.2521e-05,6.5788e-05,5.7852e-05,5.8513e-05
6.1666e-05,5.7601e-05,6.753e-05,6.174e-05,6.3002e-05
5.6706e-05,5.2182e-05,6.4866e-05,5.6404e-05,5.6349e-05
5.5963e-05,5.1189e-05,6.2471e-05,5.6374e-05,5.5567e-05
5.6149e-05,5.1861e-05,6.4765e-05,5.648e-05,5.5167e-05
5.6028e-05,5.1059e-05,6.2221e-05,5.6445e-05,5.5608e-05
5.9665e-05,5.2752e-05,7.0706e-05,5.93e-05,5.9516e-05
5.5823e-05,5.177e-05,6.237e-05,5.5903e-05,5.4325e-05
5.5723e-05,5.121e-05,6.3523e-05,5.5887e-05,5.5818e-05
5.7439e-05,5.1409e-05,6.5065e-05,5.7377e-05,5.4555e-05
5.6708e-05,5.217e-05,6.4385e-05,5.682e-05,5.3554e-05
5.6582e-05,5.168e-05,6.3534e-05,5.67e-05,5.695e-05
5.8009e-05,5.3684e-05,6.4074e-05,5.7927e-05,5.682e-05
5.6834e-05,5.3543e-05,6.2291e-05,5.6615e-05,5.7581e-05
5.6562e-05,5.0667e-05,6.3123e-05,5.6494e-05,5.4526e-05
5.6367e-05,5.2252e-05,6.4144e-05,5.6494e-05,5.6439e-05
5.6097e-05,5.169e-05,6.2802e-05,5.6358e-05,5.4456e-05
6.134e-05,5.5929e-05,7.2521e-05,6.1249e-05,6.2912e-05
5.7214e-05,5.2241e-05,6.4685e-05,5.7717e-05,5.7993e-05
5.6141e-05,5.0909e-05,6.3703e-05,5.6214e-05,5.6158e-05
5.6129e-05,5.0958e-05,6.5216e-05,5.6364e-05,5.5638e-05
5.8022e-05,5.4195e-05,6.4194e-05,5.8173e-05,5.5968e-05
5.8293e-05,5.3725e-05,6.6278e-05,5.8318e-05,5.7562e-05
5.6191e-05,5.1329e-05,6.2972e-05,5.6439e-05,5.5688e-05
5.617e-05,5.214e-05,6.3313e-05,5.6329e-05,5.708e-05
5.8862e-05,5.4996e-05,6.5076e-05,5.8828e-05,5.7842e-05
5.6014e-05,5.173e-05,6.2511e-05,5.6059e-05,5.4836e-05
5.654e-05,5.2e-05,6.3182e-05,5.6289e-05,5.673e-05
5.9293e-05,5.4846e-05,6.6199e-05,5.9084e-05,5.9334e-05
5.7164e-05,5.2631e-05,6.4104e-05,5.7135e-05,5.5397e-05
5.6221e-05,5.174e-05,6.3192e-05,5.6634e-05,5.4114e-05
5.6292e-05,5.1771e-05,6.3373e-05,5.6805e-05,5.6249e-05
5.6105e-05,5.173e-05,6.3292e-05,5.6194e-05,5.6439e-05
6.1181e-05,5.672e-05,6.725e-05,6.0938e-05,6.1339e-05
5.604e-05,5.1981e-05,6.3193e-05,5.6059e-05,5.5217e-05
5.6029e-05,5.186e-05,6.2912e-05,5.6138e-05,5.3764e-05
5.6032e-05,5.155e-05,6.169e-05,5.6379e-05,5.5107e-05
5.6775e-05,5.1459e-05,6.3173e-05,5.656e-05,5.6439e-05
5.8697e-05,5.3233e-05,6.5777e-05,5.8678e-05,5.8763e-05
5.5262e-05,5.1951e-05,6.207e-05,5.5027e-05,5.4926e-05
5.5489e-05,5.1399e-05,6.4505e-05,5.5533e-05,5.5798e-05
5.6876e-05,5.2852e-05,6.4074e-05,5.7096e-05,5.8033e-05
5.6324e-05,5.1048e-05,6.5507e-05,5.6489e-05,5.6789e-05
5.7221e-05,5.2913e-05,6.7921e-05,5.6991e-05,5.8143e-05
5.7481e-05,5.2972e-05,6.6789e-05,5.7381e-05,5.5016e-05
5.644e-05,5.0908e-05,6.4295e-05,5.6349e-05,5.3163e-05
5.5766e-05,5.1479e-05,6.2571e-05,5.5933e-05,5.5958e-05
5.5961e-05,5.2061e-05,6.3172e-05,5.6104e-05,5.5167e-05
5.784e-05,5.2811e-05,6.3773e-05,5.7877e-05,5.5698e-05
5.7968e-05,5.2722e-05,6.5287e-05,5.7786e-05,5.686e-05
5.6362e-05,5.1509e-05,6.3684e-05,5.6614e-05,5.5447e-05
5.7422e-05,5.3604e-05,6.3343e-05,5.7181e-05,5.5677e-05
5.6829e-05,5.2662e-05,6.2772e-05,5.679e-05,5.8433e-05
5.6215e-05,5.158e-05,6.2141e-05,5.6479e-05,5.6369e-05
5.7822e-05,5.2752e-05,6.3283e-05,5.8202e-05,5.6319e-05
5.6642e-05,5.3153e-05,6.2741e-05,5.6294e-05,5.8373e-05
5.7366e-05,5.3624e-05,6.2651e-05,5.7527e-05,5.6349e-05
5.6456e-05,5.178e-05,6.3403e-05,5.6785e-05,5.5367e-05
5.5926e-05,5.1229e-05,6.2501e-05,5.6158e-05,5.4415e-05
5.6495e-05,5.192e-05,6.4705e-05,5.6409e-05,5.678e-05
5.8675e-05,5.4756e-05,6.4825e-05,5.8403e-05,5.7421e-05
5.6022e-05,5.1851e-05,6.3733e-05,5.5939e-05,5.3814e-05
5.5778e-05,5.1138e-05,6.2912e-05,5.5944e-05,5.5007e-05
5.6086e-05,5.1941e-05,6.3062e-05,5.6214e-05,5.6279e-05
5.7039e-05,5.2311e-05,6.3863e-05,5.7441e-05,5.643e-05
5.7826e-05,5.3423e-05,6.3863e-05,5.8047e-05,5.6559e-05
5.7893e-05,5.2502e-05,6.704e-05,5.7842e-05,5.8453e-05
5.6633e-05,5.2661e-05,6.3453e-05,5.6589e-05,5.6028e-05
5.836e-05,5.1129e-05,6.4745e-05,5.8348e-05,5.9104e-05
5.6661e-05,5.2512e-05,6.3013e-05,5.675e-05,5.7932e-05
5.8778e-05,5.3314e-05,6.5547e-05,5.912e-05,5.9195e-05
5.6407e-05,5.2091e-05,6.4776e-05,5.6479e-05,5.6209e-05
5.9602e-05,5.1389e-05,6.7771e-05,6.0126e-05,6.2871e-05
5.631e-05,5.2051e-05,6.2872e-05,5.647e-05,5.5397e-05
5.5721e-05,5.2e-05,6.2891e-05,5.5532e-05,5.5207e-05
5.7312e-05,5.2622e-05,6.4976e-05,5.6549e-05,5.6009e-05
5.8262e-05,5.3864e-05,6.5166e-05,5.7892e-05,5.5678e-05
5.6022e-05,5.177e-05,6.3774e-05,5.6214e-05,5.6048e-05
5.8087e-05,5.4055e-05,6.4805e-05,5.8057e-05,5.8282e-05
5.827e-05,5.2582e-05,6.7761e-05,5.8047e-05,5.3002e-05
6.0078e-05,5.2542e-05,7.2771e-05,6.0778e-05,5.5257e-05
5.7407e-05,5.3243e-05,6.3904e-05,5.7541e-05,5.7471e-05
5.7128e-05,5.2682e-05,6.3403e-05,5.7186e-05,5.6028e-05
6.0427e-05,5.5498e-05,6.4746e-05,6.0577e-05,5.8022e-05
5.5803e-05,5.2031e-05,6.217e-05,5.5638e-05,5.6599e-05
5.5881e-05,5.1309e-05,6.4035e-05,5.5874e-05,5.4325e-05
5.7336e-05,5.2722e-05,6.3573e-05,5.7591e-05,5.7011e-05
5.9158e-05,5.6219e-05,6.4304e-05,5.8764e-05,5.8273e-05
5.5999e-05,5.17e-05,6.2591e-05,5.5863e-05,5.692e-05
5.6082e-05,5.1259e-05,6.3393e-05,5.6234e-05,5.4205e-05
5.604e-05,5.171e-05,6.3002e-05,5.6109e-05,5.715e-05
5.76e-05,5.3834e-05,6.3263e-05,5.7722e-05,5.8173e-05
5.7984e-05,5.3393e-05,6.4876e-05,5.8283e-05,5.713e-05
5.5611e-05,5.1891e-05,6.2631e-05,5.5588e-05,5.4175e-05
5.7554e-05,5.3583e-05,6.4194e-05,5.7587e-05,5.685e-05
5.7619e-05,5.3564e-05,6.4465e-05,5.7922e-05,5.6349e-05
5.6439e-05,5.2181e-05,6.4084e-05,5.6595e-05,5.5407e-05
5.834e-05,5.3072e-05,6.5788e-05,5.8764e-05,5.7642e-05
5.6138e-05,5.153e-05,6.3833e-05,5.6174e-05,5.3884e-05
5.8946e-05,5.2461e-05,6.5527e-05,5.8954e-05,5.7441e-05
5.5788e-05,5.1689e-05,6.3162e-05,5.5508e-05,5.5066e-05
5.6321e-05,5.1499e-05,6.4765e-05,5.673e-05,5.5577e-05
5.8549e-05,5.3684e-05,6.715e-05,5.8498e-05,5.672e-05
6.0744e-05,5.3092e-05,7.1238e-05,6.0642e-05,6.1169e-05
5.6534e-05,5.2141e-05,6.3884e-05,5.6699e-05,5.5728e-05
5.5768e-05,5.1319e-05,6.2812e-05,5.5598e-05,5.5909e-05
5.6792e-05,5.1419e-05,6.3984e-05,5.6865e-05,5.3945e-05
5.7647e-05,5.2351e-05,6.3573e-05,5.7727e-05,5.6239e-05
5.8801e-05,5.4695e-05,6.5807e-05,5.8598e-05,5.8653e-05
5.5932e-05,5.1849e-05,6.1759e-05,5.6289e-05,5.5237e-05
5.6357e-05,5.183e-05,6.2571e-05,5.669e-05,5.2752e-05
5.7012e-05,5.1299e-05,6.5317e-05,5.6845e-05,5.5066e-05
5.6422e-05,5.208e-05,6.2812e-05,5.6614e-05,5.5869e-05
5.8622e-05,5.3734e-05,6.4254e-05,5.8803e-05,5.9175e-05
5.7328e-05,5.2873e-05,6.3363e-05,5.7502e-05,5.4896e-05
5.5796e-05,5.1229e-05,6.2291e-05,5.5978e-05,5.5578e-05
5.6356e-05,5.166e-05,6.2862e-05,5.6795e-05,5.5647e-05
5.604e-05,5.15e-05,6.3453e-05,5.6379e-05,5.5747e-05
5.9273e-05,5.4735e-05,6.6168e-05,5.9225e-05,5.68e-05
5.6056e-05,5.1209e-05,6.3894e-05,5.5748e-05,5.4065e-05
5.8559e-05,5.3103e-05,6.5837e-05,5.8603e-05,5.666e-05
5.5256e-05,5.1599e-05,6.3192e-05,5.5247e-05,5.4675e-05
5.6938e-05,5.2512e-05,6.3332e-05,5.7386e-05,5.5898e-05
5.5989e-05,5.1229e-05,6.3684e-05,5.6159e-05,5.4907e-05
5.7345e-05,5.3654e-05,6.3664e-05,5.6905e-05,5.8022e-05
5.5996e-05,5.1469e-05,6.3763e-05,5.6299e-05,5.8803e-05
5.7785e-05,5.2942e-05,6.3453e-05,5.8112e-05,5.6119e-05
5.6113e-05,5.173e-05,6.184e-05,5.6489e-05,5.6269e-05
5.5605e-05,5.0948e-05,6.2701e-05,5.5914e-05,5.3904e-05
5.8476e-05,5.3283e-05,6.4094e-05,5.8709e-05,5.7532e-05
5.7848e-05,5.2491e-05,6.6289e-05,5.7546e-05,5.7532e-05
5.579e-05,5.1048e-05,6.2351e-05,5.6179e-05,5.5988e-05
5.6124e-05,5.1449e-05,6.3243e-05,5.6354e-05,5.4987e-05
5.7428e-05,5.2852e-05,6.3744e-05,5.7552e-05,5.8162e-05
5.9194e-05,5.2832e-05,6.5958e-05,5.9039e-05,5.9064e-05
5.6512e-05,5.1971e-05,6.4555e-05,5.6785e-05,5.662e-05
5.6622e-05,5.2151e-05,6.4074e-05,5.688e-05,5.6128e-05
5.6924e-05,5.154e-05,6.4084e-05,5.6866e-05,5.5046e-05
5.9461e-05,5.3754e-05,6.7751e-05,5.941e-05,5.6038e-05
5.6486e-05,5.2391e-05,6.2541e-05,5.6785e-05,5.6058e-05
5.891e-05,5.4085e-05,6.4916e-05,5.8703e-05,5.8363e-05
5.7927e-05,5.2071e-05,6.2982e-05,5.8018e-05,5.9154e-05
5.726e-05,5.0838e-05,6.6358e-05,5.6675e-05,5.2712e-05
5.6717e-05,5.2141e-05,6.3553e-05,5.681e-05,5.6549e-05
5.6016e-05,5.206e-05,6.3533e-05,5.6118e-05,5.5307e-05
6.0299e-05,5.695e-05,6.5106e-05,6.0236e-05,5.8113e-05
5.6559e-05,5.2802e-05,6.2832e-05,5.6419e-05,5.6689e-05
5.5758e-05,5.1459e-05,6.2811e-05,5.5919e-05,5.3914e-05
5.5999e-05,5.149e-05,6.3312e-05,5.6183e-05,5.5948e-05
5.7929e-05,5.3132e-05,6.3744e-05,5.8223e-05,5.8223e-05
5.8036e-05,5.3383e-05,6.8443e-05,5.7997e-05,5.694e-05
5.6133e-05,5.1269e-05,6.3643e-05,5.654e-05,5.9395e-05
5.6131e-05,5.1819e-05,6.3694e-05,5.6444e-05,5.6639e-05
5.7258e-05,5.4265e-05,6.2601e-05,5.6309e-05,5.6188e-05
5.6037e-05,5.1489e-05,6.169e-05,5.6344e-05,5.5667e-05
5.6672e-05,5.3403e-05,6.2852e-05,5.6474e-05,5.5747e-05
5.8636e-05,5.3614e-05,6.5527e-05,5.8689e-05,5.8212e-05
5.8505e-05,5.3593e-05,6.2791e-05,5.8452e-05,5.4886e-05
5.4991e-05,5.1018e-05,6.1388e-05,5.4646e-05,5.4315e-05
5.653e-05,5.2582e-05,6.5376e-05,5.6634e-05,5.5427e-05
5.6906e-05,5.1991e-05,6.4966e-05,5.7146e-05,5.7471e-05
5.9023e-05,5.3042e-05,6.5246e-05,5.8819e-05,5.708e-05
5.5728e-05,5.1841e-05,6.182e-05,5.5653e-05,5.6109e-05
5.5884e-05,5.158e-05,6.3343e-05,5.5799e-05,5.6109e-05
5.5413e-05,5.0868e-05,6.2601e-05,5.5302e-05,5.4024e-05
5.7439e-05,5.2422e-05,6.4915e-05,5.7141e-05,5.713e-05
5.8427e-05,5.3413e-05,6.4414e-05,5.8864e-05,5.6689e-05
5.6563e-05,5.161e-05,6.3914e-05,5.645e-05,5.9956e-05
5.6105e-05,5.184e-05,6.2731e-05,5.5934e-05,5.68e-05
5.5949e-05,5.1589e-05,6.211e-05,5.6044e-05,5.5607e-05
5.6624e-05,5.2001e-05,6.3022e-05,5.7025e-05,5.6379e-05
5.634e-05,5.194e-05,6.3233e-05,5.6665e-05,5.666e-05
5.9441e-05,5.4434e-05,6.4545e-05,5.9655e-05,5.9665e-05
5.8087e-05,5.2953e-05,6.5507e-05,5.8288e-05,5.7622e-05
5.6004e-05,5.1159e-05,6.2912e-05,5.6184e-05,5.5488e-05
5.6615e-05,5.2962e-05,6.2701e-05,5.662e-05,5.5648e-05
5.7511e-05,5.3143e-05,6.3302e-05,5.7376e-05,5.6079e-05
5.8089e-05,5.2882e-05,6.8032e-05,5.8122e-05,5.9195e-05
5.6264e-05,5.2141e-05,6.4796e-05,5.624e-05,5.6149e-05
5.65e-05,5.205e-05,6.198e-05,5.693e-05,5.5657e-05
5.6393e-05,5.2521e-05,6.229e-05,5.69e-05,5.5607e-05
5.6137e-05,5.1901e-05,6.1779e-05,5.6264e-05,5.5658e-05
5.856e-05,5.3373e-05,6.6919e-05,5.8548e-05,5.8003e-05
5.6113e-05,5.174e-05,6.2842e-05,5.6334e-05,5.6278e-05
5.8029e-05,5.3873e-05,6.4946e-05,5.8082e-05,5.6489e-05
5.594e-05,5.2091e-05,6.4175e-05,5.6018e-05,5.5839e-05
5.8267e-05,5.3042e-05,6.5107e-05,5.8623e-05,5.9054e-05
5.644e-05,5.1649e-05,6.2631e-05,5.6744e-05,5.6659e-05
5.8817e-05,5.3634e-05,6.707e-05,5.8979e-05,5.8333e-05
5.7034e-05,5.2742e-05,6.3734e-05,5.7286e-05,5.7391e-05
5.6044e-05,5.193e-05,6.2521e-05,5.6144e-05,5.4606e-05
5.5955e-05,5.1279e-05,6.19e-05,5.6299e-05,5.5888e-05
5.8098e-05,5.215e-05,6.4716e-05,5.8343e-05,5.7792e-05
5.8113e-05,5.3693e-05,6.5096e-05,5.8068e-05,5.7502e-05
5.621e-05,5.1559e-05,6.4224e-05,5.6098e-05,5.5157e-05
5.6272e-05,5.2341e-05,6.3854e-05,5.6099e-05,5.5407e-05
5.848e-05,5.2501e-05,6.722e-05,5.8228e-05,5.8974e-05
5.6254e-05,5.1149e-05,6.3333e-05,5.6454e-05,5.6129e-05
5.7733e-05,5.2933e-05,6.4525e-05,5.7652e-05,5.667e-05
5.6155e-05,5.3213e-05,6.3773e-05,5.5648e-05,5.6279e-05
5.9723e-05,5.193e-05,6.714e-05,6.0041e-05,6.1649e-05
5.5847e-05,5.133e-05,6.5577e-05,5.5843e-05,5.4245e-05
5.827e-05,5.3834e-05,6.5758e-05,5.8543e-05,5.8734e-05
5.765e-05,5.2281e-05,6.4385e-05,5.8012e-05,5.716e-05
5.9844e-05,5.4095e-05,6.7501e-05,5.945e-05,5.7551e-05
5.5473e-05,5.1249e-05,6.237e-05,5.5363e-05,5.4615e-05
5.6953e-05,5.2321e-05,6.1338e-05,5.681e-05,5.7511e-05
5.7004e-05,5.2632e-05,6.2611e-05,5.694e-05,5.4305e-05
5.6958e-05,5.161e-05,6.4595e-05,5.682e-05,5.4065e-05
5.8041e-05,5.2782e-05,6.4836e-05,5.8158e-05,5.7852e-05
5.6112e-05,5.2111e-05,6.3272e-05,5.6038e-05,5.6108e-05
5.8553e-05,5.3914e-05,6.4434e-05,5.9125e-05,5.8754e-05
5.5832e-05,5.1329e-05,6.202e-05,5.6094e-05,5.4205e-05
5.6054e-05,5.1439e-05,6.3352e-05,5.6384e-05,5.4686e-05
5.8684e-05,5.4065e-05,6.4736e-05,5.9085e-05,5.5498e-05
5.7526e-05,5.3323e-05,6.3924e-05,5.7551e-05,5.7051e-05
5.8875e-05,5.4466e-05,6.4906e-05,5.8939e-05,5.6709e-05
5.7325e-05,5.3173e-05,6.3072e-05,5.7116e-05,5.7722e-05
5.6393e-05,5.1649e-05,6.3392e-05,5.663e-05,5.676e-05
5.6703e-05,5.2651e-05,6.3834e-05,5.7036e-05,5.7241e-05
5.8898e-05,5.4535e-05,6.3943e-05,5.8703e-05,5.8393e-05
5.5759e-05,5.192e-05,6.1318e-05,5.5463e-05,5.4776e-05
5.5847e-05,5.1859e-05,6.219e-05,5.6134e-05,5.5237e-05
5.7445e-05,5.2521e-05,6.4825e-05,5.7857e-05,5.6379e-05
5.759e-05,5.2501e-05,6.4856e-05,5.7761e-05,5.8843e-05
5.8957e-05,5.3634e-05,6.692e-05,5.8924e-05,5.6539e-05
5.6091e-05,5.2492e-05,6.206e-05,5.5678e-05,5.6699e-05
5.6663e-05,5.1269e-05,6.2251e-05,5.649e-05,5.6319e-05
5.5866e-05,5.204e-05,6.2421e-05,5.5988e-05,5.5978e-05
5.5839e-05,5.0808e-05,6.2872e-05,5.633e-05,5.5437e-05
5.8295e-05,5.3945e-05,6.3403e-05,5.8428e-05,5.5437e-05
5.8987e-05,5.3864e-05,6.6618e-05,5.899e-05,6.0617e-05
5.5913e-05,5.134e-05,6.2832e-05,5.5928e-05,5.4325e-05
5.9326e-05,5.4225e-05,6.5127e-05,5.9946e-05,5.8002e-05
5.6799e-05,5.138e-05,6.4505e-05,5.6604e-05,5.4095e-05
5.6769e-05,5.1439e-05,6.5247e-05,5.662e-05,5.705e-05
6.3635e-05,5.8203e-05,7.1949e-05,6.3773e-05,6.3183e-05
5.7476e-05,5.3984e-05,6.4134e-05,5.7356e-05,5.7041e-05
5.6863e-05,5.196e-05,6.4935e-05,5.7317e-05,5.3273e-05
5.6459e-05,5.0979e-05,6.4174e-05,5.67e-05,5.5648e-05
5.6051e-05,5.202e-05,6.3643e-05,5.6244e-05,5.6088e-05
6.1866e-05,5.5959e-05,6.6619e-05,6.1825e-05,6.1469e-05
5.7002e-05,5.2332e-05,6.2892e-05,5.692e-05,5.5307e-05
5.7341e-05,5.2862e-05,6.3213e-05,5.7297e-05,5.8303e-05
5.5973e-05,5.168e-05,6.3974e-05,5.6124e-05,5.5157e-05
5.7414e-05,5.2482e-05,6.4556e-05,5.7641e-05,5.8273e-05
5.9959e-05,5.3965e-05,6.687e-05,5.9826e-05,5.8513e-05
5.9348e-05,5.4837e-05,6.7109e-05,5.954e-05,5.7411e-05
5.5753e-05,5.1018e-05,6.2781e-05,5.5643e-05,5.4966e-05
5.6102e-05,5.1369e-05,6.2501e-05,5.6234e-05,5.7051e-05
5.7642e-05,5.2802e-05,6.4164e-05,5.7922e-05,5.671e-05
5.5704e-05,5.166e-05,6.2581e-05,5.5808e-05,5.697e-05
5.9301e-05,5.5838e-05,6.4816e-05,5.8909e-05,5.9615e-05
5.6793e-05,5.3182e-05,6.1489e-05,5.6715e-05,5.5187e-05
5.7914e-05,5.4384e-05,6.4706e-05,5.7762e-05,5.6669e-05
5.7023e-05,5.2561e-05,6.3032e-05,5.7091e-05,5.4996e-05
5.5269e-05,5.0357e-05,6.205e-05,5.5357e-05,5.4696e-05
5.8726e-05,5.3784e-05,6.5377e-05,5.8959e-05,5.9024e-05
5.9438e-05,5.3514e-05,6.5597e-05,5.919e-05,6.0728e-05
5.5988e-05,5.0939e-05,6.2562e-05,5.6269e-05,5.5568e-05
5.6043e-05,5.1699e-05,6.183e-05,5.6269e-05,5.6329e-05
5.6186e-05,5.1199e-05,6.2762e-05,5.6479e-05,5.5077e-05
5.9165e-05,5.3994e-05,6.735e-05,5.9054e-05,5.8663e-05
5.6045e-05,5.1519e-05,6.2632e-05,5.6249e-05,5.5838e-05
5.6805e-05,5.2401e-05,6.4294e-05,5.6724e-05,5.703e-05
5.684e-05,5.0828e-05,6.3192e-05,5.6895e-05,5.4726e-05
5.7496e-05,5.1849e-05,6.4245e-05,5.7707e-05,5.673e-05
5.5907e-05,5.2031e-05,6.225e-05,5.5873e-05,5.5868e-05
5.905e-05,5.5147e-05,6.4665e-05,5.8859e-05,5.8523e-05
5.7092e-05,5.3013e-05,6.2471e-05,5.7402e-05,5.5417e-05
5.6834e-05,5.162e-05,6.3754e-05,5.7026e-05,5.5978e-05
5.7721e-05,5.23e-05,6.6018e-05,5.7897e-05,5.7231e-05
5.6306e-05,5.0768e-05,6.3392e-05,5.6399e-05,5.5488e-05
6.1124e-05,5.693e-05,6.8843e-05,6.0682e-05,6.3302e-05
5.6117e-05,5.1759e-05,6.3673e-05,5.6303e-05,5.4746e-05
5.5812e-05,5.198e-05,6.3002e-05,5.5964e-05,5.5377e-05
5.5737e-05,5.17e-05,6.2942e-05,5.6229e-05,5.5187e-05
5.6785e-05,5.3013e-05,6.207e-05,5.7036e-05,5.5607e-05
5.7892e-05,5.2782e-05,6.6529e-05,5.7877e-05,5.6219e-05
5.5992e-05,5.2061e-05,6.2812e-05,5.5998e-05,5.5186e-05
5.6474e-05,5.164e-05,6.2902e-05,5.659e-05,5.6389e-05
5.7304e-05,5.2652e-05,6.4846e-05,5.7416e-05,5.6449e-05
5.6175e-05,5.1149e-05,6.3133e-05,5.6269e-05,5.5147e-05
5.5804e-05,5.21e-05,6.252e-05,5.5568e-05,5.692e-05
5.8031e-05,5.3314e-05,6.4154e-05,5.8123e-05,5.7471e-05
5.7678e-05,5.3062e-05,6.3262e-05,5.7921e-05,5.7702e-05
5.6199e-05,5.172e-05,6.2381e-05,5.6404e-05,5.5748e-05
5.6261e-05,5.188e-05,6.5196e-05,5.6664e-05,5.5477e-05
5.5826e-05,5.1269e-05,6.3563e-05,5.6138e-05,5.4836e-05
6.0091e-05,5.4375e-05,6.7741e-05,5.9646e-05,6.1529e-05
5.5953e-05,5.133e-05,6.3663e-05,5.6154e-05,5.4736e-05
5.6631e-05,5.2021e-05,6.2992e-05,5.6634e-05,5.7431e-05
5.7511e-05,5.3243e-05,6.2491e-05,5.7466e-05,5.5938e-05
5.6975e-05,5.215e-05,6.3523e-05,5.679e-05,5.7091e-05
5.8119e-05,5.2832e-05,6.3624e-05,5.8122e-05,5.706e-05
5.599e-05,5.16e-05,6.3182e-05,5.6014e-05,5.684e-05
5.6187e-05,5.0908e-05,6.2482e-05,5.6675e-05,5.4736e-05
5.5708e-05,5.0969e-05,6.2431e-05,5.6109e-05,5.4565e-05
5.6072e-05,5.168e-05,6.2982e-05,5.6535e-05,5.4265e-05
5.6396e-05,5.1159e-05,6.2902e-05,5.633e-05,5.6399e-05
5.9531e-05,5.5417e-05,6.4245e-05,5.935e-05,5.9736e-05
5.6985e-05,5.2282e-05,6.4174e-05,5.705e-05,5.6129e-05
5.7455e-05,5.3023e-05,6.4164e-05,5.7406e-05,5.5607e-05
5.6241e-05,5.2552e-05,6.1729e-05,5.6164e-05,5.681e-05
5.8566e-05,5.2681e-05,6.694e-05,5.8007e-05,5.7281e-05
5.911e-05,5.5067e-05,6.5366e-05,5.8603e-05,5.9906e-05
5.5974e-05,5.1469e-05,6.3102e-05,5.6183e-05,5.5738e-05
5.6282e-05,5.1589e-05,6.3162e-05,5.6574e-05,5.5287e-05
5.7945e-05,5.3434e-05,6.4545e-05,5.7821e-05,5.6229e-05
5.6374e-05,5.2241e-05,6.1459e-05,5.6785e-05,5.5357e-05
5.8382e-05,5.3224e-05,6.5818e-05,5.8298e-05,5.7221e-05
5.6948e-05,5.3394e-05,6.3152e-05,5.6429e-05,5.7461e-05
6.1602e-05,5.7372e-05,6.718e-05,6.1339e-05,6.0356e-05
5.72e-05,5.3403e-05,6.2922e-05,5.7015e-05,5.66e-05
5.7816e-05,5.3915e-05,6.5677e-05,5.7526e-05,5.7972e-05
5.6508e-05,5.188e-05,6.4545e-05,5.6625e-05,6.0527e-05
6.3667e-05,5.9315e-05,7.0246e-05,6.3734e-05,6.3914e-05
5.5961e-05,5.1579e-05,6.4976e-05,5.5968e-05,5.6389e-05
5.6528e-05,5.2051e-05,6.3784e-05,5.697e-05,5.5718e-05
5.5651e-05,5.1118e-05,6.1689e-05,5.5743e-05,5.8844e-05
6.016e-05,5.5949e-05,6.4244e-05,5.958e-05,5.8353e-05
6.2146e-05,5.8133e-05,7.1629e-05,6.1805e-05,6.5778e-05
5.6184e-05,5.1219e-05,6.3273e-05,5.6249e-05,5.6008e-05
5.6297e-05,5.2e-05,6.1759e-05,5.6314e-05,5.4676e-05
6.1305e-05,5.0858e-05,7.0797e-05,6.211e-05,6.0407e-05
5.5686e-05,5.159e-05,6.2731e-05,5.5632e-05,5.4956e-05
6.1049e-05,5.3052e-05,6.8202e-05,6.0347e-05,5.7651e-05
5.5909e-05,5.1409e-05,6.7771e-05,5.5798e-05,5.4225e-05
5.7284e-05,5.2411e-05,6.8794e-05,5.7345e-05,5.9194e-05
5.832e-05,5.2922e-05,7.233e-05,5.8463e-05,6.0727e-05
5.6848e-05,5.2752e-05,6.5096e-05,5.6218e-05,5.5117e-05
5.6276e-05,5.0959e-05,6.686e-05,5.6144e-05,5.4917e-05
6.3235e-05,5.8332e-05,6.8342e-05,6.3217e-05,6.232e-05
5.6589e-05,5.216e-05,6.3573e-05,5.685e-05,5.5407e-05
5.6093e-05,5.164e-05,6.3753e-05,5.6108e-05,5.4897e-05
5.7664e-05,5.193e-05,6.4244e-05,5.7782e-05,5.6178e-05
5.9599e-05,5.3914e-05,6.8052e-05,5.9405e-05,5.691e-05
6.235e-05,5.8082e-05,7.0566e-05,6.2175e-05,6.3743e-05
5.6594e-05,5.1259e-05,6.4275e-05,5.698e-05,5.6108e-05
