0_Avg-Duration_s,0_Min-Duration_s,0_Max-Duration_s,0_Median-Duration_s,0_MainRank-Duration_s
8.121e-06,2.07e-06,1.096e-05,9.015e-06,6.23e-06
7.632e-06,1.89e-06,1.065e-05,8.23e-06,1.89e-06
5.393e-06,2.671e-06,7.73e-06,5.335e-06,2.671e-06
5.347e-06,2.46e-06,7.61e-06,5.345e-06,2.46e-06
5.786e-06,2.64e-06,7.95e-06,5.945e-06,3e-06
5.26e-06,1.99e-06,7.22e-06,5.3e-06,1.99e-06
6.151e-06,2.12e-06,8.53e-06,6.421e-06,3.591e-06
5.263e-06,2.56e-06,7.38e-06,5.095e-06,2.56e-06
5.37e-06,2.41e-06,7.45e-06,5.4e-06,2.41e-06
5.548e-06,2.82e-06,7.55e-06,5.65e-06,2.82e-06
5.097e-06,2.491e-06,7.171e-06,4.675e-06,2.491e-06
5.501e-06,1.98e-06,7.73e-06,5.545e-06,1.98e-06
5.724e-06,2.47e-06,7.96e-06,5.925e-06,3.14e-06
5.265e-06,2.41e-06,7.36e-06,5.12e-06,2.41e-06
5.311e-06,2.43e-06,7.64e-06,5.16e-06,2.43e-06
5.639e-06,2.59e-06,7.84e-06,5.945e-06,2.99e-06
5.416e-06,1.87e-06,7.54e-06,5.565e-06,1.87e-06
5.329e-06,2.53e-06,7.401e-06,5.365e-06,2.53e-06
5.587e-06,2.55e-06,7.9e-06,5.735e-06,2.55e-06
5.49e-06,2.09e-06,7.96e-06,5.62e-06,2.09e-06
5.56e-06,2.34e-06,7.89e-06,5.765e-06,2.34e-06
5.382e-06,2.27e-06,7.56e-06,5.385e-06,2.27e-06
5.464e-06,2.57e-06,7.521e-06,5.265e-06,2.57e-06
5.451e-06,2.66e-06,7.73e-06,5.44e-06,2.66e-06
5.271e-06,2.53e-06,7.32e-06,5.27e-06,2.53e-06
5.39e-06,2.77e-06,7.27e-06,5.31e-06,2.77e-06
5.475e-06,2.03e-06,7.57e-06,5.455e-06,2.03e-06
5.14e-06,2.54e-06,7.11e-06,4.915e-06,2.54e-06
5.618e-06,2.67e-06,8.05e-06,5.895e-06,2.67e-06
5.336e-06,2.19e-06,7.52e-06,5.41e-06,2.19e-06
5.581e-06,2.56e-06,7.82e-06,5.616e-06,3.01e-06
5.306e-06,2.73e-06,7.33e-06,5.08e-06,2.73e-06
5.214e-06,2.49e-06,7.48e-06,5.09e-06,2.49e-06
5.117e-06,2.28e-06,7.07e-06,5.095e-06,2.28e-06
5.369e-06,2.45e-06,7.561e-06,5.365e-06,2.45e-06
5.318e-06,2.7e-06,7.62e-06,5.21e-06,2.7e-06
5.493e-06,2.82e-06,7.58e-06,5.655e-06,2.82e-06
5.448e-06,2.61e-06,7.49e-06,5.405e-06,2.61e-06
5.439e-06,2.07e-06,7.75e-06,5.355e-06,2.07e-06
5.37e-06,2.62e-06,7.32e-06,5.525e-06,2.62e-06
5.435e-06,2.46e-06,7.59e-06,5.51e-06,2.46e-06
5.183e-06,2.83e-06,7.44e-06,4.98e-06,2.83e-06
5.383e-06,2.72e-06,7.58e-06,5.275e-06,2.81e-06
5.372e-06,2.731e-06,7.29e-06,5.395e-06,2.731e-06
5.433e-06,2.46e-06,7.5e-06,5.465e-06,2.46e-06
5.208e-06,2.4e-06,7.39e-06,4.985e-06,2.4e-06
5.322e-06,2.56e-06,7.52e-06,5.31e-06,2.56e-06
5.296e-06,2.55e-06,7.37e-06,5.115e-06,2.55e-06
5.214e-06,2.06e-06,7.22e-06,5.23e-06,2.06e-06
5.437e-06,2.43e-06,7.77e-06,5.575e-06,2.43e-06
5.502e-06,2.68e-06,7.64e-06,5.615e-06,2.84e-06
5.268e-06,2.48e-06,7.26e-06,5.245e-06,2.48e-06
5.303e-06,2.46e-06,7.43e-06,5.15e-06,2.46e-06
5.358e-06,2.65e-06,7.47e-06,5.375e-06,2.65e-06
5.664e-06,3.03e-06,7.9e-06,5.635e-06,3.17e-06
5.136e-06,2.33e-06,7.17e-06,5.03e-06,2.33e-06
5.643e-06,2.63e-06,7.971e-06,5.825e-06,2.93e-06
5.118e-06,2.44e-06,7.16e-06,4.821e-06,2.44e-06
5.247e-06,2.5e-06,7.39e-06,5.015e-06,2.5e-06
5.123e-06,2.52e-06,6.97e-06,5.045e-06,2.52e-06
5.408e-06,2.68e-06,7.55e-06,5.585e-06,2.68e-06
5.462e-06,2.77e-06,7.73e-06,5.515e-06,2.77e-06
5.469e-06,2.17e-06,7.71e-06,5.65e-06,2.17e-06
5.262e-06,2.42e-06,7.32e-06,5.28e-06,2.42e-06
5.556e-06,2.72e-06,7.7e-06,5.65e-06,2.72e-06
5.494e-06,1.92e-06,7.52e-06,5.6e-06,1.92e-06
5.342e-06,2.35e-06,7.33e-06,5.23e-06,2.35e-06
5.595e-06,2.7e-06,7.9e-06,5.695e-06,2.86e-06
5.39e-06,2.66e-06,7.47e-06,5.55e-06,2.66e-06
5.269e-06,2.51e-06,7.37e-06,5.161e-06,2.51e-06
5.495e-06,2.62e-06,7.621e-06,5.515e-06,2.62e-06
5.175e-06,2.36e-06,7.111e-06,5.21e-06,2.36e-06
5.216e-06,2.351e-06,7.27e-06,5.14e-06,2.351e-06
5.344e-06,2.05e-06,7.32e-06,5.235e-06,2.05e-06
5.312e-06,2.37e-06,7.62e-06,5.275e-06,2.37e-06
5.332e-06,1.87e-06,7.4e-06,5.325e-06,1.87e-06
5.166e-06,2.43e-06,7.1e-06,5.02e-06,2.43e-06
5.461e-06,2.4e-06,7.66e-06,5.555e-06,2.4e-06
5.356e-06,2.32e-06,7.471e-06,5.36e-06,2.32e-06
5.995e-06,2.64e-06,8.31e-06,6.205e-06,2.64e-06
5.233e-06,2.49e-06,7.52e-06,5.07e-06,2.49e-06
5.368e-06,2.19e-06,7.42e-06,5.455e-06,2.19e-06
5.325e-06,2.52e-06,7.51e-06,5.235e-06,2.52e-06
5.493e-06,2.2e-06,7.74e-06,5.611e-06,2.2e-06
5.489e-06,2.57e-06,7.93e-06,5.475e-06,2.57e-06
5.276e-06,2.64e-06,7.11e-06,5.235e-06,2.64e-06
5.376e-06,2.21e-06,7.43e-06,5.43e-06,2.21e-06
5.218e-06,2.07e-06,7.19e-06,5.14e-06,2.07e-06
5.285e-06,2.47e-06,7.42e-06,5.265e-06,2.47e-06
5.356e-06,2.43e-06,7.44e-06,5.41e-06,2.43e-06
5.819e-06,2.93e-06,8.12e-06,5.976e-06,2.93e-06
5.482e-06,1.91e-06,7.8e-06,5.545e-06,1.91e-06
5.344e-06,2.68e-06,7.32e-06,5.145e-06,2.68e-06
5.548e-06,2.09e-06,8.211e-06,5.7e-06,2.09e-06
5.386e-06,2.59e-06,7.62e-06,5.34e-06,2.59e-06
5.372e-06,2.23e-06,7.6e-06,5.53e-06,2.23e-06
5.285e-06,2.52e-06,7.56e-06,5.335e-06,2.52e-06
5.254e-06,2.49e-06,7.09e-06,5.265e-06,2.49e-06
5.288e-06,2.65e-06,7.171e-06,5.27e-06,2.65e-06
5.478e-06,2.73e-06,7.75e-06,5.5e-06,2.73e-06
5.485e-06,1.95e-06,7.651e-06,5.49e-06,1.95e-06
5.644e-06,2.86e-06,7.96e-06,5.735e-06,2.86e-06
5.654e-06,2.71e-06,7.94e-06,5.82e-06,2.88e-06
5.277e-06,2.42e-06,7.53e-06,5.23e-06,2.42e-06
5.358e-06,1.82e-06,7.53e-06,5.53e-06,1.82e-06
5.148e-06,2.421e-06,7.38e-06,4.875e-06,2.421e-06
5.454e-06,2.18e-06,7.6e-06,5.6e-06,2.18e-06
5.365e-06,2.16e-06,7.32e-06,5.485e-06,2.16e-06
5.484e-06,2.74e-06,7.59e-06,5.6e-06,2.74e-06
5.45e-06,2.501e-06,7.72e-06,5.5e-06,2.501e-06
5.404e-06,2.06e-06,7.52e-06,5.395e-06,2.06e-06
5.491e-06,2.77e-06,7.74e-06,5.576e-06,2.81e-06
5.308e-06,2.41e-06,7.28e-06,5.535e-06,2.41e-06
5.694e-06,2.5e-06,8.07e-06,5.835e-06,3.23e-06
5.843e-06,2.45e-06,8.08e-06,5.99e-06,3.28e-06
5.269e-06,2.51e-06,7.36e-06,5.31e-06,2.51e-06
5.465e-06,2.14e-06,7.67e-06,5.555e-06,2.14e-06
5.39e-06,2.55e-06,7.51e-06,5.39e-06,2.55e-06
5.4e-06,2.49e-06,7.48e-06,5.31e-06,2.49e-06
5.247e-06,2.32e-06,7.4e-06,5.19e-06,2.32e-06
5.394e-06,2.34e-06,7.67e-06,5.496e-06,2.34e-06
5.586e-06,2.86e-06,7.95e-06,5.615e-06,2.86e-06
5.818e-06,2.39e-06,8.42e-06,6.14e-06,3.32e-06
5.173e-06,2.41e-06,7.23e-06,5.095e-06,2.41e-06
5.677e-06,1.78e-06,8.05e-06,5.945e-06,1.78e-06
5.31e-06,1.94e-06,7.49e-06,5.205e-06,1.94e-06
5.148e-06,2.55e-06,7.05e-06,4.955e-06,2.55e-06
5.506e-06,2.3e-06,7.68e-06,5.775e-06,2.3e-06
5.391e-06,2.61e-06,7.47e-06,5.346e-06,2.61e-06
5.575e-06,2.62e-06,7.861e-06,5.756e-06,2.62e-06
5.349e-06,2.27e-06,7.62e-06,5.36e-06,2.27e-06
5.249e-06,2.1e-06,7.32e-06,5.37e-06,2.1e-06
5.322e-06,2.51e-06,7.35e-06,5.08e-06,2.51e-06
5.345e-06,2.79e-06,7.54e-06,5.21e-06,2.79e-06
5.323e-06,2.55e-06,7.24e-06,5.365e-06,2.55e-06
5.179e-06,2.47e-06,7.19e-06,5.085e-06,2.47e-06
5.217e-06,2.42e-06,7.32e-06,5.22e-06,2.42e-06
5.544e-06,1.82e-06,7.46e-06,5.65e-06,1.82e-06
5.197e-06,2.44e-06,7.29e-06,5.121e-06,2.44e-06
5.273e-06,2.31e-06,7.2e-06,5.345e-06,2.31e-06
5.497e-06,2.52e-06,7.79e-06,5.495e-06,2.52e-06
5.332e-06,2.67e-06,7.231e-06,5.255e-06,2.67e-06
5.208e-06,2.531e-06,7.53e-06,5.225e-06,2.531e-06
5.195e-06,2.32e-06,7.28e-06,5.135e-06,2.32e-06
5.338e-06,2.37e-06,7.751e-06,5.305e-06,2.37e-06
5.31e-06,2.24e-06,7.43e-06,5.415e-06,2.24e-06
5.453e-06,2.08e-06,7.58e-06,5.415e-06,2.08e-06
5.206e-06,2.42e-06,7.361e-06,4.881e-06,2.42e-06
5.653e-06,2.58e-06,8.47e-06,5.615e-06,3.02e-06
5.218e-06,2.38e-06,7.14e-06,5.295e-06,2.38e-06
5.62e-06,2.7e-06,7.77e-06,5.75e-06,2.92e-06
5.434e-06,2.71e-06,7.69e-06,5.635e-06,2.71e-06
5.587e-06,2.74e-06,7.73e-06,5.82e-06,2.83e-06
5.526e-06,2.33e-06,7.76e-06,5.575e-06,2.33e-06
5.091e-06,2.33e-06,7.401e-06,4.745e-06,2.33e-06
5.323e-06,2.53e-06,7.54e-06,5.3e-06,2.53e-06
5.274e-06,2.5e-06,7.5e-06,5.161e-06,2.5e-06
5.228e-06,2.23e-06,7.79e-06,5.145e-06,2.23e-06
5.232e-06,2.33e-06,7.3e-06,5.2e-06,2.33e-06
5.637e-06,2.35e-06,7.961e-06,5.62e-06,3.12e-06
5.487e-06,2.65e-06,7.75e-06,5.595e-06,2.65e-06
5.259e-06,2.46e-06,7.38e-06,5.23e-06,2.46e-06
5.396e-06,2.56e-06,7.51e-06,5.395e-06,2.56e-06
5.347e-06,2.41e-06,7.47e-06,5.395e-06,2.41e-06
5.486e-06,2.7e-06,7.68e-06,5.735e-06,2.84e-06
5.438e-06,2.77e-06,7.77e-06,5.445e-06,2.8e-06
5.676e-06,2.7e-06,7.931e-06,5.76e-06,2.93e-06
5.619e-06,2.01e-06,7.91e-06,5.73e-06,2.01e-06
5.265e-06,2.74e-06,7.23e-06,5.055e-06,2.74e-06
5.077e-06,2.47e-06,7.19e-06,4.925e-06,2.47e-06
5.482e-06,2.54e-06,7.72e-06,5.575e-06,2.54e-06
5.474e-06,2.65e-06,7.59e-06,5.66e-06,2.771e-06
5.246e-06,2.31e-06,7.4e-06,5.25e-06,2.31e-06
5.643e-06,1.86e-06,7.81e-06,5.82e-06,1.86e-06
5.412e-06,2.33e-06,7.57e-06,5.461e-06,2.33e-06
5.733e-06,2.52e-06,8.05e-06,5.885e-06,2.941e-06
5.593e-06,2.71e-06,8.01e-06,5.61e-06,3.04e-06
5.549e-06,2.5e-06,7.89e-06,5.616e-06,2.5e-06
5.334e-06,2.57e-06,7.46e-06,5.23e-06,2.57e-06
5.459e-06,1.92e-06,7.261e-06,5.69e-06,1.92e-06
5.459e-06,2.48e-06,7.46e-06,5.59e-06,2.48e-06
5.466e-06,2.59e-06,7.63e-06,5.62e-06,2.59e-06
5.508e-06,2.67e-06,7.66e-06,5.555e-06,2.67e-06
5.316e-06,2.54e-06,7.43e-06,5.115e-06,2.54e-06
5.234e-06,2.22e-06,7.4e-06,5.4e-06,2.22e-06
5.302e-06,2.32e-06,7.39e-06,5.335e-06,2.32e-06
5.544e-06,2.31e-06,7.9e-06,5.45e-06,2.31e-06
5.218e-06,2.47e-06,7.04e-06,5.255e-06,2.47e-06
5.359e-06,2.73e-06,7.591e-06,5.535e-06,2.73e-06
5.181e-06,2.54e-06,7.07e-06,5.01e-06,2.54e-06
5.26e-06,2.17e-06,7.21e-06,5.24e-06,2.17e-06
5.42e-06,2.21e-06,7.36e-06,5.615e-06,2.21e-06
5.353e-06,2.45e-06,7.54e-06,5.356e-06,2.45e-06
5.354e-06,2.55e-06,7.51e-06,5.335e-06,2.55e-06
5.594e-06,2.76e-06,7.79e-06,5.57e-06,2.79e-06
5.279e-06,2.42e-06,7.62e-06,5.375e-06,2.42e-06
5.446e-06,2.03e-06,7.99e-06,5.48e-06,2.03e-06
5.218e-06,2.58e-06,7.38e-06,5.305e-06,2.58e-06
5.459e-06,2.56e-06,7.53e-06,5.455e-06,2.56e-06
5.2e-06,2.58e-06,7.15e-06,5.19e-06,2.58e-06
5.276e-06,2.47e-06,7.58e-06,5.175e-06,2.47e-06
5.457e-06,2.21e-06,7.45e-06,5.535e-06,2.21e-06
5.529e-06,2.17e-06,7.79e-06,5.585e-06,2.17e-06
5.408e-06,2.7e-06,7.59e-06,5.375e-06,2.7e-06
5.408e-06,2.621e-06,7.42e-06,5.57e-06,2.621e-06
5.475e-06,2.83e-06,7.62e-06,5.68e-06,2.83e-06
5.571e-06,2.42e-06,7.81e-06,5.76e-06,2.42e-06
5.293e-06,2.26e-06,7.241e-06,5.21e-06,2.26e-06
5.234e-06,2.081e-06,7.39e-06,5.31e-06,2.081e-06
5.792e-06,2.38e-06,1.1971e-05,5.125e-06,2.38e-06
6.309e-06,1.81e-06,1e-05,6.3e-06,1.81e-06
5.676e-06,2.45e-06,7.99e-06,5.675e-06,3.06e-06
5.371e-06,2.05e-06,7.64e-06,5.491e-06,2.05e-06
5.584e-06,2.6e-06,7.9e-06,5.67e-06,2.6e-06
5.485e-06,2.57e-06,7.641e-06,5.455e-06,2.91e-06
5.248e-06,2.36e-06,7.35e-06,5.295e-06,2.36e-06
5.433e-06,2.791e-06,7.3e-06,5.615e-06,2.791e-06
5.332e-06,2.69e-06,7.471e-06,5.29e-06,2.69e-06
5.29e-06,2.72e-06,7.56e-06,5.105e-06,2.72e-06
5.397e-06,2.66e-06,7.64e-06,5.336e-06,2.66e-06
5.537e-06,2.8e-06,7.65e-06,5.685e-06,2.8e-06
5.177e-06,2.24e-06,7.191e-06,4.975e-06,2.24e-06
5.487e-06,2.06e-06,7.77e-06,5.565e-06,2.06e-06
5.47e-06,2.25e-06,7.45e-06,5.445e-06,2.25e-06
5.432e-06,2.73e-06,7.65e-06,5.16e-06,2.73e-06
5.434e-06,2.8e-06,7.94e-06,5.435e-06,2.85e-06
5.417e-06,2.66e-06,7.53e-06,5.471e-06,2.66e-06
5.419e-06,2.63e-06,7.52e-06,5.365e-06,2.63e-06
5.403e-06,2.2e-06,7.78e-06,5.415e-06,2.2e-06
5.363e-06,2.59e-06,7.52e-06,5.325e-06,2.59e-06
5.416e-06,2.71e-06,7.49e-06,5.375e-06,2.71e-06
5.437e-06,2.56e-06,7.64e-06,5.38e-06,2.56e-06
5.283e-06,2.58e-06,7.281e-06,5.465e-06,2.58e-06
5.65e-06,1.83e-06,7.66e-06,5.776e-06,1.83e-06
5.456e-06,2.37e-06,7.67e-06,5.415e-06,2.37e-06
5.225e-06,2.36e-06,7.32e-06,5.265e-06,2.36e-06
5.336e-06,2.08e-06,7.5e-06,5.355e-06,2.08e-06
5.282e-06,2.46e-06,7.28e-06,5.12e-06,2.46e-06
5.439e-06,2.77e-06,7.56e-06,5.325e-06,2.8e-06
5.502e-06,2.64e-06,7.531e-06,5.77e-06,2.85e-06
5.362e-06,2.66e-06,7.44e-06,5.316e-06,2.66e-06
5.352e-06,2.62e-06,7.35e-06,5.34e-06,2.62e-06
5.193e-06,2.45e-06,7.25e-06,5.225e-06,2.45e-06
5.455e-06,2.75e-06,7.63e-06,5.51e-06,2.75e-06
5.57e-06,2.62e-06,7.77e-06,5.67e-06,2.9e-06
5.366e-06,2.371e-06,7.4e-06,5.3e-06,2.371e-06
5.612e-06,2.75e-06,7.85e-06,5.57e-06,2.75e-06
5.397e-06,2.84e-06,7.58e-06,5.561e-06,2.84e-06
5.392e-06,2.12e-06,7.52e-06,5.455e-06,2.12e-06
5.275e-06,2.31e-06,7.071e-06,5.335e-06,2.31e-06
5.197e-06,2.63e-06,7.47e-06,5.07e-06,2.63e-06
5.672e-06,2.8e-06,7.99e-06,5.79e-06,2.87e-06
5.504e-06,2.48e-06,7.62e-06,5.435e-06,2.48e-06
5.264e-06,2.47e-06,7.53e-06,5.14e-06,2.47e-06
5.281e-06,2.35e-06,7.441e-06,5.126e-06,2.35e-06
5.332e-06,2.49e-06,7.7e-06,5.23e-06,2.49e-06
5.464e-06,2.43e-06,7.52e-06,5.62e-06,2.43e-06
5.37e-06,2.69e-06,7.6e-06,5.445e-06,2.69e-06
5.272e-06,2.63e-06,7.37e-06,5.18e-06,2.63e-06
5.306e-06,2.54e-06,7.63e-06,5.13e-06,2.54e-06
5.488e-06,2.45e-06,7.76e-06,5.54e-06,2.45e-06
5.227e-06,2.29e-06,7.471e-06,5.205e-06,2.29e-06
5.214e-06,2.47e-06,7.62e-06,5.085e-06,2.47e-06
5.255e-06,2.63e-06,7.36e-06,5.13e-06,2.63e-06
5.283e-06,2.72e-06,7.29e-06,5.161e-06,2.72e-06
5.237e-06,2.3e-06,7.42e-06,5.245e-06,2.3e-06
5.384e-06,2.44e-06,7.62e-06,5.405e-06,2.44e-06
5.693e-06,2.561e-06,7.94e-06,5.915e-06,2.96e-06
5.254e-06,2.45e-06,7.42e-06,5.286e-06,2.45e-06
5.477e-06,2.8e-06,7.5e-06,5.615e-06,2.8e-06
5.478e-06,2.71e-06,7.83e-06,5.48e-06,2.71e-06
5.301e-06,2.53e-06,7.6e-06,5.54e-06,2.53e-06
5.356e-06,1.99e-06,7.3e-06,5.605e-06,1.99e-06
5.884e-06,2.52e-06,8.3e-06,6.016e-06,3.15e-06
5.375e-06,2.731e-06,7.49e-06,5.495e-06,2.731e-06
5.109e-06,2.55e-06,7.19e-06,4.88e-06,2.55e-06
5.357e-06,2.58e-06,7.401e-06,5.365e-06,2.58e-06
5.251e-06,2.54e-06,7.14e-06,5.18e-06,2.54e-06
5.316e-06,2.02e-06,7.41e-06,5.295e-06,2.02e-06
5.29e-06,2.54e-06,7.3e-06,5.14e-06,2.54e-06
5.295e-06,2.08e-06,7.3e-06,5.365e-06,2.08e-06
5.36e-06,2.27e-06,7.27e-06,5.36e-06,2.27e-06
5.362e-06,2.09e-06,7.53e-06,5.291e-06,2.09e-06
5.357e-06,2.65e-06,7.541e-06,5.16e-06,2.65e-06
5.366e-06,2.71e-06,7.67e-06,5.41e-06,2.71e-06
5.295e-06,2.25e-06,7.39e-06,5.55e-06,2.25e-06
5.266e-06,2.32e-06,7.44e-06,5.115e-06,2.32e-06
5.25e-06,2.42e-06,7.31e-06,5.18e-06,2.42e-06
5.338e-06,2.51e-06,7.4e-06,5.555e-06,2.51e-06
5.421e-06,2.79e-06,7.83e-06,5.331e-06,2.79e-06
5.701e-06,2.52e-06,7.89e-06,5.835e-06,3.06e-06
5.068e-06,2.44e-06,7.05e-06,5.131e-06,2.44e-06
5.104e-06,2.31e-06,7.22e-06,4.835e-06,2.31e-06
5.204e-06,2.42e-06,7.28e-06,5.16e-06,2.42e-06
4.959e-06,2.38e-06,7.16e-06,5.21e-06,3.48e-06
5.3e-06,2.04e-06,7.51e-06,5.265e-06,2.04e-06
5.295e-06,2.41e-06,7.43e-06,5.481e-06,2.41e-06
5.285e-06,2.63e-06,7.23e-06,5.18e-06,2.63e-06
5.469e-06,1.9e-06,7.49e-06,5.545e-06,1.9e-06
5.399e-06,2.7e-06,7.47e-06,5.22e-06,2.7e-06
5.562e-06,2.63e-06,7.83e-06,5.78e-06,2.83e-06
5.685e-06,1.83e-06,7.87e-06,5.77e-06,1.83e-06
5.363e-06,2.52e-06,7.49e-06,5.445e-06,2.52e-06
5.395e-06,2.63e-06,7.42e-06,5.321e-06,2.63e-06
5.107e-06,2.26e-06,6.97e-06,5.1e-06,2.26e-06
5.175e-06,2.39e-06,7.131e-06,5.02e-06,2.39e-06
5.458e-06,2.65e-06,7.61e-06,5.59e-06,2.65e-06
5.178e-06,2.58e-06,7.36e-06,5.145e-06,2.58e-06
5.395e-06,2.56e-06,7.46e-06,5.555e-06,2.56e-06
5.522e-06,1.8e-06,7.75e-06,5.52e-06,1.8e-06
5.287e-06,2.56e-06,7.38e-06,5.245e-06,2.56e-06
5.279e-06,2.421e-06,7.28e-06,5.355e-06,2.421e-06
5.349e-06,2.41e-06,7.58e-06,5.415e-06,2.41e-06
5.147e-06,2.35e-06,7.25e-06,5.01e-06,2.35e-06
5.519e-06,2.54e-06,7.65e-06,5.64e-06,2.97e-06
5.692e-06,1.8e-06,7.78e-06,5.81e-06,1.8e-06
5.473e-06,2.71e-06,7.47e-06,5.36e-06,2.76e-06
5.29e-06,2.75e-06,7.23e-06,5.295e-06,2.75e-06
5.386e-06,2.62e-06,7.65e-06,5.496e-06,2.62e-06
5.286e-06,2.53e-06,7.51e-06,5.205e-06,2.53e-06
5.42e-06,2.29e-06,7.55e-06,5.595e-06,2.29e-06
5.243e-06,2.31e-06,7.36e-06,5.265e-06,2.31e-06
5.407e-06,2.31e-06,7.43e-06,5.515e-06,2.31e-06
5.227e-06,2.43e-06,7.32e-06,5.155e-06,2.43e-06
5.589e-06,2.561e-06,7.98e-06,5.796e-06,2.93e-06
5.273e-06,2.42e-06,7.32e-06,5.305e-06,2.42e-06
5.587e-06,2.56e-06,7.75e-06,5.63e-06,2.84e-06
5.428e-06,2.87e-06,7.451e-06,5.326e-06,2.87e-06
5.193e-06,2.33e-06,7.26e-06,5.24e-06,2.33e-06
5.388e-06,2.09e-06,7.57e-06,5.525e-06,2.09e-06
5.411e-06,2.62e-06,7.601e-06,5.505e-06,2.62e-06
5.571e-06,2.4e-06,7.82e-06,5.766e-06,2.4e-06
5.246e-06,2.16e-06,7.6e-06,5.15e-06,2.16e-06
5.307e-06,2.22e-06,7.29e-06,5.42e-06,2.22e-06
5.658e-06,2.67e-06,7.821e-06,5.89e-06,2.67e-06
5.277e-06,2.63e-06,7.27e-06,5.405e-06,2.63e-06
5.452e-06,2.15e-06,7.4e-06,5.55e-06,2.15e-06
5.229e-06,2.37e-06,7.37e-06,5.145e-06,2.37e-06
5.351e-06,2.62e-06,7.46e-06,5.305e-06,2.62e-06
5.193e-06,2.35e-06,7.32e-06,5.175e-06,2.35e-06
5.207e-06,2.111e-06,7.28e-06,5.175e-06,2.111e-06
5.436e-06,1.86e-06,7.47e-06,5.51e-06,1.86e-06
5.487e-06,2.73e-06,7.701e-06,5.51e-06,2.75e-06
5.371e-06,2.32e-06,7.69e-06,5.285e-06,2.32e-06
5.212e-06,2.41e-06,7.26e-06,5.215e-06,2.41e-06
5.145e-06,2.64e-06,7.1e-06,5.136e-06,2.64e-06
5.297e-06,2.61e-06,7.48e-06,5.345e-06,2.61e-06
5.282e-06,2.39e-06,7.48e-06,5.225e-06,2.39e-06
5.492e-06,2.7e-06,7.74e-06,5.71e-06,2.84e-06
5.296e-06,2.1e-06,7.281e-06,5.275e-06,2.1e-06
5.437e-06,2.64e-06,7.86e-06,5.39e-06,2.64e-06
5.257e-06,2.21e-06,7.29e-06,5.27e-06,2.21e-06
5.246e-06,2.45e-06,7.29e-06,5.3e-06,2.45e-06
5.659e-06,2.59e-06,7.74e-06,5.995e-06,2.98e-06
5.398e-06,2.68e-06,7.64e-06,5.455e-06,2.68e-06
5.279e-06,2.66e-06,7.53e-06,5.31e-06,2.66e-06
5.52e-06,2.54e-06,7.79e-06,5.75e-06,2.91e-06
5.442e-06,1.86e-06,7.57e-06,5.545e-06,1.86e-06
5.438e-06,2.54e-06,7.71e-06,5.285e-06,2.98e-06
5.35e-06,2.69e-06,7.58e-06,5.285e-06,2.69e-06
5.43e-06,2.58e-06,7.66e-06,5.465e-06,2.58e-06
5.401e-06,2.68e-06,7.56e-06,5.465e-06,2.68e-06
5.384e-06,2.68e-06,7.55e-06,5.415e-06,2.68e-06
5.207e-06,2.25e-06,7.36e-06,5.295e-06,2.25e-06
5.148e-06,2.42e-06,7.08e-06,4.92e-06,2.42e-06
5.449e-06,2.351e-06,7.69e-06,5.565e-06,2.351e-06
5.119e-06,2.36e-06,7.28e-06,4.965e-06,2.36e-06
5.342e-06,2.32e-06,7.54e-06,5.305e-06,2.32e-06
5.294e-06,2.61e-06,7.33e-06,5.276e-06,2.61e-06
5.277e-06,2.2e-06,7.49e-06,5.31e-06,2.2e-06
5.413e-06,2.57e-06,7.65e-06,5.38e-06,2.57e-06
5.198e-06,2.55e-06,7.15e-06,5.14e-06,2.55e-06
5.357e-06,2.57e-06,7.47e-06,5.385e-06,2.57e-06
5.419e-06,2.45e-06,7.691e-06,5.535e-06,2.45e-06
5.382e-06,2.4e-06,7.6e-06,5.65e-06,2.4e-06
5.388e-06,2.04e-06,7.51e-06,5.455e-06,2.04e-06
5.356e-06,2.62e-06,7.47e-06,5.335e-06,2.62e-06
5.287e-06,2.11e-06,7.3e-06,5.231e-06,2.11e-06
5.505e-06,2.5e-06,7.4e-06,5.29e-06,2.5e-06
4.889e-06,2.28e-06,7.04e-06,4.72e-06,2.28e-06
5.329e-06,2.55e-06,7.41e-06,5.225e-06,2.55e-06
5.247e-06,2.31e-06,7.17e-06,5.135e-06,2.31e-06
5.485e-06,2.7e-06,7.68e-06,5.425e-06,2.77e-06
5.486e-06,2.65e-06,7.54e-06,5.48e-06,2.95e-06
5.138e-06,2.56e-06,7.05e-06,5.17e-06,2.56e-06
5.675e-06,2.63e-06,8.06e-06,5.815e-06,2.9e-06
5.592e-06,1.9e-06,7.701e-06,5.651e-06,1.9e-06
5.28e-06,1.84e-06,7.46e-06,5.215e-06,1.84e-06
5.166e-06,1.97e-06,7.09e-06,5.3e-06,1.97e-06
5.165e-06,2.43e-06,7.23e-06,5.035e-06,2.43e-06
5.241e-06,2.601e-06,7.32e-06,5.1e-06,2.601e-06
5.387e-06,2.7e-06,7.61e-06,5.315e-06,2.7e-06
5.394e-06,2.7e-06,7.67e-06,5.48e-06,2.7e-06
5.4e-06,2.51e-06,7.58e-06,5.52e-06,2.51e-06
5.281e-06,2.58e-06,7.23e-06,5.07e-06,2.58e-06
5.337e-06,2.46e-06,7.29e-06,5.275e-06,2.46e-06
5.587e-06,2.5e-06,7.76e-06,5.735e-06,2.99e-06
5.107e-06,2.32e-06,7.24e-06,4.84e-06,2.32e-06
5.422e-06,2.3e-06,7.64e-06,5.265e-06,2.3e-06
5.074e-06,2.32e-06,7.17e-06,5.035e-06,2.32e-06
5.319e-06,2.64e-06,7.42e-06,5.275e-06,2.64e-06
5.259e-06,2.21e-06,7.301e-06,5.295e-06,2.21e-06
5.335e-06,2.4e-06,7.51e-06,5.275e-06,2.4e-06
5.217e-06,2.22e-06,7.21e-06,5.165e-06,2.22e-06
5.355e-06,2.3e-06,7.63e-06,5.335e-06,2.3e-06
5.236e-06,2.43e-06,7.53e-06,5.17e-06,2.43e-06
5.287e-06,2.59e-06,7.29e-06,5.27e-06,2.59e-06
5.427e-06,2.68e-06,7.68e-06,5.51e-06,2.68e-06
5.631e-06,1.79e-06,7.74e-06,5.79e-06,1.79e-06
5.323e-06,2.52e-06,7.44e-06,5.226e-06,2.52e-06
5.351e-06,2.01e-06,7.43e-06,5.44e-06,2.01e-06
5.19e-06,2.601e-06,7.13e-06,5.06e-06,2.601e-06
5.36e-06,2.24e-06,7.67e-06,5.525e-06,2.24e-06
5.205e-06,2.23e-06,7.31e-06,5.095e-06,2.23e-06
5.241e-06,2.36e-06,7.3e-06,5.195e-06,2.36e-06
5.456e-06,2.85e-06,7.59e-06,5.605e-06,2.85e-06
5.513e-06,2.3e-06,7.691e-06,5.646e-06,2.3e-06
5.365e-06,2.3e-06,7.4e-06,5.345e-06,2.3e-06
5.103e-06,2.34e-06,7.33e-06,4.88e-06,2.34e-06
5.305e-06,2.71e-06,7.32e-06,5.39e-06,2.71e-06
5.307e-06,2.32e-06,7.65e-06,5.415e-06,2.32e-06
5.494e-06,2.71e-06,7.7e-06,5.6e-06,2.8e-06
5.362e-06,2.12e-06,7.37e-06,5.44e-06,2.12e-06
5.378e-06,2.55e-06,7.59e-06,5.545e-06,2.55e-06
5.555e-06,2.57e-06,7.79e-06,5.65e-06,2.87e-06
5.464e-06,2.47e-06,7.65e-06,5.595e-06,2.47e-06
5.114e-06,2.47e-06,7.09e-06,5.07e-06,2.47e-06
5.119e-06,2.53e-06,7.24e-06,5.201e-06,2.53e-06
5.337e-06,2.51e-06,7.39e-06,5.1e-06,2.51e-06
5.358e-06,2.54e-06,7.43e-06,5.345e-06,2.54e-06
5.255e-06,2.52e-06,7.161e-06,5.226e-06,2.52e-06
5.283e-06,2.57e-06,7.191e-06,5.3e-06,2.57e-06
5.28e-06,2.83e-06,7.18e-06,5.16e-06,2.83e-06
5.286e-06,2.42e-06,7.32e-06,5.175e-06,2.42e-06
5.275e-06,2.19e-06,7.31e-06,5.225e-06,2.19e-06
4.998e-06,2.42e-06,7.46e-06,4.93e-06,2.42e-06
5.273e-06,2.571e-06,7.63e-06,5.21e-06,2.571e-06
5.226e-06,2.56e-06,7.25e-06,5.165e-06,2.56e-06
5.669e-06,2.6e-06,7.991e-06,5.91e-06,2.93e-06
5.233e-06,2.55e-06,7.3e-06,5.045e-06,2.55e-06
5.218e-06,2.59e-06,7.27e-06,5.115e-06,2.59e-06
5.397e-06,2.63e-06,7.62e-06,5.501e-06,2.63e-06
5.196e-06,2.47e-06,7.28e-06,5.22e-06,2.47e-06
5.085e-06,2.26e-06,7.04e-06,4.975e-06,2.26e-06
5.182e-06,2.24e-06,7.13e-06,5.07e-06,2.24e-06
5.471e-06,2.64e-06,7.7e-06,5.555e-06,2.64e-06
5.189e-06,2.47e-06,7.071e-06,5.185e-06,2.47e-06
5.457e-06,2.78e-06,7.53e-06,5.535e-06,2.78e-06
5.313e-06,2.6e-06,7.4e-06,5.306e-06,2.6e-06
5.439e-06,2.91e-06,7.61e-06,5.515e-06,2.91e-06
5.461e-06,2.53e-06,7.61e-06,5.64e-06,2.53e-06
5.368e-06,2.56e-06,7.48e-06,5.35e-06,2.56e-06
5.175e-06,2.33e-06,7.22e-06,5.16e-06,2.33e-06
5.138e-06,2.44e-06,7.171e-06,4.99e-06,2.44e-06
5.555e-06,1.96e-06,7.85e-06,5.745e-06,1.96e-06
5.41e-06,2.33e-06,7.5e-06,5.42e-06,2.33e-06
5.529e-06,1.74e-06,7.5e-06,5.77e-06,1.74e-06
5.338e-06,2.281e-06,7.33e-06,5.37e-06,2.281e-06
5.526e-06,2.58e-06,7.72e-06,5.595e-06,3e-06
5.525e-06,2.63e-06,7.88e-06,5.635e-06,2.92e-06
5.481e-06,2.36e-06,7.65e-06,5.77e-06,2.36e-06
5.494e-06,2.02e-06,7.63e-06,5.72e-06,2.02e-06
5.246e-06,2.49e-06,7.201e-06,5.266e-06,2.49e-06
5.224e-06,2.47e-06,7.38e-06,5.205e-06,2.47e-06
5.172e-06,2.68e-06,7.09e-06,5.14e-06,2.68e-06
5.183e-06,2.4e-06,7.3e-06,5.125e-06,2.4e-06
5.13e-06,2.29e-06,7.3e-06,4.895e-06,2.29e-06
5.289e-06,2.66e-06,7.51e-06,5.26e-06,2.66e-06
5.26e-06,2.39e-06,7.461e-06,5.08e-06,2.39e-06
5.186e-06,2.54e-06,7.14e-06,5.085e-06,2.54e-06
5.148e-06,2.21e-06,7.05e-06,4.815e-06,2.21e-06
8.434e-06,1.77e-06,1.685e-05,8.83e-06,6.99e-06
6.133e-06,2.03e-06,1.014e-05,5.835e-06,2.03e-06
5.229e-06,2.43e-06,7.47e-06,5.13e-06,2.43e-06
5.293e-06,2.34e-06,7.64e-06,5.085e-06,2.34e-06
5.178e-06,2.42e-06,7.221e-06,5.26e-06,2.42e-06
5.166e-06,2.56e-06,7.27e-06,4.87e-06,2.56e-06
5.245e-06,2.25e-06,7.12e-06,5.3e-06,2.25e-06
5.27e-06,2.32e-06,7.32e-06,5.175e-06,2.32e-06
5.519e-06,2.64e-06,7.74e-06,5.605e-06,2.87e-06
5.241e-06,2.43e-06,7.31e-06,5.23e-06,2.43e-06
5.33e-06,2.62e-06,7.64e-06,5.43e-06,2.62e-06
5.126e-06,2.11e-06,7.32e-06,4.815e-06,2.11e-06
5.161e-06,2.6e-06,7.08e-06,5.051e-06,2.6e-06
5.254e-06,2.5e-06,7.38e-06,5.34e-06,2.5e-06
5.25e-06,2.47e-06,7.16e-06,5.25e-06,2.47e-06
5.455e-06,2.78e-06,7.65e-06,5.43e-06,2.78e-06
5.201e-06,2.55e-06,7.071e-06,5.16e-06,2.55e-06
5.278e-06,2.11e-06,7.34e-06,5.4e-06,2.11e-06
5.201e-06,2.3e-06,7.38e-06,5.105e-06,2.3e-06
5.394e-06,2.651e-06,7.47e-06,5.351e-06,2.651e-06
5.069e-06,2.45e-06,7.06e-06,4.935e-06,2.45e-06
5.464e-06,2.75e-06,7.52e-06,5.56e-06,2.9e-06
5.293e-06,2.07e-06,7.26e-06,5.32e-06,2.07e-06
5.286e-06,2.58e-06,7.321e-06,5.25e-06,2.58e-06
5.218e-06,2.49e-06,7.25e-06,5.225e-06,2.49e-06
5.134e-06,2.53e-06,7.15e-06,4.99e-06,2.53e-06
5.127e-06,2.27e-06,7.08e-06,5.206e-06,2.27e-06
5.274e-06,2.67e-06,7.28e-06,5.335e-06,2.67e-06
5.255e-06,2.72e-06,7.32e-06,5.125e-06,2.76e-06
5.537e-06,2.73e-06,7.82e-06,5.645e-06,2.73e-06
5.319e-06,2.45e-06,7.64e-06,5.3e-06,2.45e-06
5.374e-06,2.74e-06,7.68e-06,5.415e-06,2.74e-06
5.155e-06,2.47e-06,7.1e-06,5.17e-06,2.47e-06
5.321e-06,2.18e-06,7.44e-06,5.41e-06,2.18e-06
5.105e-06,2.3e-06,7.101e-06,4.905e-06,2.3e-06
5.192e-06,2.38e-06,7.18e-06,5.065e-06,2.38e-06
5.221e-06,2.33e-06,7.46e-06,5.205e-06,2.33e-06
5.414e-06,2.18e-06,7.45e-06,5.54e-06,2.18e-06
5.324e-06,2.59e-06,7.54e-06,5.125e-06,2.59e-06
5.209e-06,2.67e-06,7.22e-06,5.03e-06,2.67e-06
5.427e-06,2.68e-06,7.5e-06,5.34e-06,2.851e-06
5.32e-06,2.2e-06,7.401e-06,5.44e-06,2.2e-06
5.24e-06,2.44e-06,7.16e-06,5.185e-06,2.44e-06
5.164e-06,2.46e-06,7.24e-06,4.82e-06,2.46e-06
5.434e-06,2.64e-06,7.65e-06,5.571e-06,2.78e-06
5.56e-06,2.7e-06,7.87e-06,5.765e-06,2.7e-06
5.175e-06,2.47e-06,7.47e-06,5.165e-06,2.47e-06
5.407e-06,1.87e-06,7.53e-06,5.505e-06,1.87e-06
5.07e-06,2.48e-06,6.93e-06,4.925e-06,2.48e-06
5.619e-06,2.41e-06,7.86e-06,5.85e-06,3.05e-06
5.228e-06,2.42e-06,7.31e-06,5.075e-06,2.42e-06
5.126e-06,2.41e-06,7.16e-06,5.095e-06,2.41e-06
5.332e-06,2.58e-06,7.55e-06,5.29e-06,2.58e-06
5.286e-06,2.66e-06,7.63e-06,5.175e-06,2.66e-06
5.305e-06,2.52e-06,7.54e-06,5.395e-06,2.52e-06
5.24e-06,1.95e-06,7.22e-06,5.23e-06,1.95e-06
5.67e-06,2.46e-06,7.911e-06,5.755e-06,2.96e-06
5.192e-06,2e-06,7.27e-06,5.43e-06,2e-06
5.112e-06,2.25e-06,7e-06,4.926e-06,2.25e-06
5.319e-06,2.1e-06,7.331e-06,5.395e-06,2.1e-06
5.359e-06,2.35e-06,7.55e-06,5.35e-06,2.35e-06
5.472e-06,2.76e-06,7.66e-06,5.515e-06,3.181e-06
5.168e-06,2.29e-06,7.24e-06,5.255e-06,2.29e-06
5.227e-06,2.36e-06,7.38e-06,5.15e-06,2.36e-06
5.276e-06,2.38e-06,7.37e-06,5.35e-06,2.38e-06
5.256e-06,2.55e-06,7.31e-06,5.255e-06,2.55e-06
5.148e-06,2.17e-06,7.33e-06,5.035e-06,2.17e-06
5.519e-06,1.77e-06,7.73e-06,5.575e-06,1.77e-06
5.501e-06,2.66e-06,7.83e-06,5.45e-06,2.85e-06
5.396e-06,2.71e-06,7.58e-06,5.501e-06,2.71e-06
5.192e-06,2.47e-06,7.46e-06,5.206e-06,2.47e-06
5.28e-06,2.53e-06,7.371e-06,5.31e-06,2.53e-06
5.152e-06,2.51e-06,7.32e-06,5.02e-06,2.51e-06
5.21e-06,2.38e-06,7.28e-06,5.23e-06,2.38e-06
5.165e-06,2.41e-06,7.28e-06,4.97e-06,2.41e-06
5.523e-06,2.67e-06,7.74e-06,5.64e-06,2.8e-06
5.082e-06,2.53e-06,7.23e-06,4.835e-06,2.53e-06
1.4085e-05,2.66e-06,1.838e-05,1.639e-05,1.3191e-05
5.364e-06,2.45e-06,7.77e-06,5.655e-06,2.45e-06
5.373e-06,2.63e-06,7.49e-06,5.36e-06,2.63e-06
5.067e-06,2.3e-06,6.98e-06,5.07e-06,2.3e-06
5.608e-06,2.4e-06,7.93e-06,5.715e-06,3.051e-06
5.14e-06,2.24e-06,7.16e-06,5.19e-06,2.24e-06
5.143e-06,2.32e-06,7.36e-06,4.995e-06,2.32e-06
5.204e-06,2.21e-06,7.56e-06,5.135e-06,2.21e-06
5.062e-06,2.38e-06,7.151e-06,4.9e-06,2.38e-06
5.298e-06,2.03e-06,7.22e-06,5.491e-06,2.03e-06
5.258e-06,2.67e-06,7.33e-06,5.39e-06,2.67e-06
5.76e-06,2.36e-06,8.24e-06,5.945e-06,3.15e-06
5.073e-06,2.46e-06,7.21e-06,4.905e-06,2.46e-06
5.297e-06,2.51e-06,7.32e-06,5.385e-06,2.51e-06
5.438e-06,2.53e-06,7.69e-06,5.395e-06,2.53e-06
5.345e-06,2.64e-06,7.45e-06,5.46e-06,2.64e-06
5.478e-06,2.63e-06,7.8e-06,5.546e-06,2.63e-06
5.085e-06,2.26e-06,7.06e-06,4.875e-06,2.26e-06
5.178e-06,2.46e-06,7.29e-06,5.11e-06,2.46e-06
5.256e-06,2.25e-06,7.27e-06,5.38e-06,2.25e-06
5.398e-06,2.71e-06,7.6e-06,5.51e-06,2.71e-06
5.101e-06,2.3e-06,7.32e-06,4.91e-06,2.3e-06
5.263e-06,2.54e-06,7.47e-06,5.235e-06,2.54e-06
5.305e-06,2.65e-06,7.361e-06,5.19e-06,2.65e-06
5.146e-06,2.54e-06,7.29e-06,4.94e-06,2.54e-06
5.299e-06,2.121e-06,7.1e-06,5.425e-06,2.121e-06
5.233e-06,2.51e-06,7.2e-06,5.16e-06,2.51e-06
5.202e-06,2.39e-06,7.21e-06,5.025e-06,2.39e-06
5.119e-06,2.55e-06,7.02e-06,5.08e-06,2.55e-06
5.247e-06,2.35e-06,7.29e-06,5.181e-06,2.35e-06
5.342e-06,2.04e-06,7.37e-06,5.306e-06,2.04e-06
5.133e-06,2.09e-06,6.91e-06,5.09e-06,2.09e-06
5.301e-06,2.56e-06,7.63e-06,5.145e-06,2.56e-06
5.357e-06,2.53e-06,7.39e-06,5.505e-06,2.53e-06
5.675e-06,1.89e-06,7.97e-06,5.77e-06,1.89e-06
5.283e-06,2.37e-06,7.36e-06,5.11e-06,2.37e-06
5.272e-06,2.47e-06,7.46e-06,5.28e-06,2.47e-06
5.311e-06,2.39e-06,7.41e-06,5.45e-06,2.39e-06
5.241e-06,2.24e-06,7.53e-06,5.13e-06,2.24e-06
5.366e-06,2.02e-06,7.57e-06,5.425e-06,2.02e-06
5.21e-06,2.32e-06,7.32e-06,5.215e-06,2.32e-06
5.238e-06,2.17e-06,7.46e-06,5.261e-06,2.17e-06
5.104e-06,2.29e-06,7.19e-06,4.99e-06,2.29e-06
5.159e-06,2.43e-06,7.15e-06,5.095e-06,2.43e-06
5.381e-06,2.61e-06,7.51e-06,5.51e-06,2.61e-06
5.256e-06,2.61e-06,7.26e-06,5.28e-06,2.61e-06
5.348e-06,2.62e-06,7.35e-06,5.235e-06,2.62e-06
5.238e-06,2.52e-06,7.2e-06,5.206e-06,2.52e-06
5.395e-06,2.7e-06,7.73e-06,5.461e-06,2.7e-06
5.04e-06,2.37e-06,7.08e-06,4.74e-06,2.37e-06
5.269e-06,2.6e-06,7.42e-06,5.15e-06,2.6e-06
5.232e-06,2.29e-06,7.54e-06,5.15e-06,2.29e-06
5.405e-06,2.69e-06,7.66e-06,5.435e-06,2.69e-06
8.037e-06,2.32e-06,1.0661e-05,8.895e-06,2.32e-06
5.187e-06,2.58e-06,7.09e-06,4.955e-06,2.58e-06
4.99e-06,2.34e-06,7.04e-06,4.775e-06,2.34e-06
5.408e-06,2.65e-06,7.58e-06,5.41e-06,2.65e-06
4.972e-06,2.23e-06,6.87e-06,4.76e-06,2.23e-06
5.429e-06,2.72e-06,7.69e-06,5.305e-06,2.72e-06
5.085e-06,2.34e-06,7.08e-06,5.14e-06,2.34e-06
5.593e-06,2.54e-06,7.811e-06,5.775e-06,2.95e-06
5.374e-06,2.82e-06,7.55e-06,5.35e-06,2.82e-06
5.324e-06,2.55e-06,7.36e-06,5.361e-06,2.55e-06
5.2e-06,2.55e-06,7.34e-06,5.15e-06,2.55e-06
5.287e-06,2.21e-06,7.48e-06,5.31e-06,2.21e-06
5.223e-06,2.43e-06,7.35e-06,5.32e-06,2.43e-06
5.282e-06,2.03e-06,7.39e-06,5.335e-06,2.03e-06
5.056e-06,2.781e-06,7.26e-06,4.925e-06,2.781e-06
5.086e-06,2.32e-06,7.1e-06,4.95e-06,2.32e-06
9.846e-06,3.02e-06,1.212e-05,1.0405e-05,8.43e-06
5.119e-06,1.9e-06,7.031e-06,4.715e-06,1.9e-06
5.417e-06,2.63e-06,7.63e-06,5.52e-06,2.63e-06
5.259e-06,2.29e-06,7.45e-06,5.28e-06,2.29e-06
5.158e-06,2.39e-06,7.01e-06,5.185e-06,2.39e-06
5.492e-06,2.64e-06,7.63e-06,5.56e-06,2.83e-06
5.247e-06,2.561e-06,7.35e-06,5.225e-06,2.561e-06
5.081e-06,2.3e-06,7.1e-06,4.875e-06,2.3e-06
5.249e-06,2.37e-06,7.48e-06,5.285e-06,2.37e-06
5.229e-06,2.23e-06,7.46e-06,5.25e-06,2.23e-06
5.298e-06,2.29e-06,7.23e-06,5.06e-06,2.29e-06
5.268e-06,2.58e-06,7.44e-06,5.195e-06,2.58e-06
5.308e-06,2.08e-06,7.48e-06,5.35e-06,2.08e-06
5.151e-06,2.41e-06,7.201e-06,5.125e-06,2.41e-06
5.057e-06,2.35e-06,6.98e-06,4.876e-06,2.35e-06
5.254e-06,2.59e-06,7.48e-06,5.295e-06,2.59e-06
5.11e-06,2.46e-06,7.08e-06,5.03e-06,2.46e-06
5.217e-06,2.6e-06,7.24e-06,5.235e-06,2.6e-06
5.084e-06,2.7e-06,7.4e-06,5.135e-06,2.7e-06
5.181e-06,2.46e-06,7.19e-06,5.165e-06,2.46e-06
5.266e-06,2.35e-06,7.26e-06,5.365e-06,2.35e-06
5.67e-06,2.77e-06,7.76e-06,5.585e-06,3.2e-06
5.582e-06,2.65e-06,7.77e-06,5.69e-06,2.65e-06
5.457e-06,2.85e-06,7.55e-06,5.57e-06,2.85e-06
5.221e-06,2.02e-06,7.37e-06,5.205e-06,2.02e-06
5.383e-06,2.73e-06,7.46e-06,5.465e-06,2.74e-06
5.331e-06,1.96e-06,7.52e-06,5.41e-06,1.96e-06
5.604e-06,1.851e-06,7.85e-06,5.76e-06,1.851e-06
4.998e-06,2.33e-06,7.02e-06,4.911e-06,2.33e-06
5.077e-06,2.39e-06,7.05e-06,4.77e-06,2.39e-06
5.147e-06,2.61e-06,7.141e-06,4.95e-06,2.61e-06
5.389e-06,2.09e-06,7.54e-06,5.595e-06,2.09e-06
5.305e-06,2.12e-06,7.3e-06,5.39e-06,2.12e-06
5.102e-06,2.27e-06,7.19e-06,4.905e-06,2.27e-06
5.336e-06,1.97e-06,7.52e-06,5.29e-06,1.97e-06
5.313e-06,2.67e-06,7.41e-06,5.325e-06,2.67e-06
5.174e-06,2.51e-06,7.1e-06,5.21e-06,2.51e-06
5.23e-06,2.29e-06,7.301e-06,5.246e-06,2.29e-06
5.177e-06,2.32e-06,7.51e-06,5.085e-06,2.32e-06
5.219e-06,2.52e-06,7.36e-06,5.205e-06,2.52e-06
5.325e-06,2.58e-06,7.57e-06,5.415e-06,2.58e-06
5.49e-06,2.74e-06,7.67e-06,5.625e-06,2.74e-06
5.123e-06,2.34e-06,7.21e-06,5.096e-06,2.34e-06
5.648e-06,2.42e-06,7.891e-06,5.76e-06,2.97e-06
5.253e-06,2.44e-06,7.35e-06,5.445e-06,2.44e-06
5.605e-06,2.58e-06,7.77e-06,5.915e-06,2.94e-06
5.375e-06,2.68e-06,7.66e-06,5.526e-06,2.77e-06
5.429e-06,2.72e-06,7.64e-06,5.515e-06,2.72e-06
5.186e-06,2.341e-06,7.131e-06,5.19e-06,2.341e-06
5.284e-06,2.56e-06,7.44e-06,5.115e-06,2.56e-06
5.329e-06,2.01e-06,7.53e-06,5.31e-06,2.01e-06
5.307e-06,2.52e-06,7.46e-06,5.431e-06,2.52e-06
5.179e-06,2.18e-06,7.12e-06,5.21e-06,2.18e-06
5.697e-06,2.43e-06,7.99e-06,5.73e-06,2.98e-06
5.468e-06,2.77e-06,7.58e-06,5.63e-06,2.77e-06
5.365e-06,2.7e-06,7.6e-06,5.545e-06,2.8e-06
5.158e-06,2.33e-06,7.21e-06,5.11e-06,2.33e-06
5.555e-06,2.61e-06,7.7e-06,5.74e-06,2.86e-06
5.326e-06,1.93e-06,7.611e-06,5.265e-06,1.93e-06
5.158e-06,2.46e-06,6.97e-06,4.96e-06,2.46e-06
5.342e-06,2.69e-06,7.58e-06,5.265e-06,2.69e-06
5.206e-06,2.42e-06,7.34e-06,5.21e-06,2.42e-06
5.284e-06,2.04e-06,7.41e-06,5.315e-06,2.04e-06
5.233e-06,2.34e-06,7.11e-06,5.28e-06,2.34e-06
5.337e-06,2.46e-06,7.37e-06,5.331e-06,2.46e-06
5.346e-06,2.39e-06,7.54e-06,5.345e-06,2.39e-06
5.228e-06,2.69e-06,7.44e-06,5.125e-06,2.69e-06
5.246e-06,2.27e-06,7.4e-06,5.485e-06,2.27e-06
5.244e-06,2.14e-06,7.28e-06,5.305e-06,2.14e-06
5.338e-06,2.561e-06,7.6e-06,5.246e-06,2.561e-06
5.439e-06,2.69e-06,7.64e-06,5.51e-06,2.69e-06
5.32e-06,2.69e-06,7.46e-06,5.296e-06,2.69e-06
5.194e-06,2.43e-06,7.36e-06,5.385e-06,2.43e-06
5.421e-06,2.64e-06,7.77e-06,5.375e-06,2.64e-06
5.637e-06,2.34e-06,8e-06,5.725e-06,3.2e-06
5.297e-06,2.61e-06,7.51e-06,5.355e-06,2.61e-06
5.093e-06,2.31e-06,7.26e-06,4.89e-06,2.31e-06
5.25e-06,2.53e-06,7.48e-06,5.165e-06,2.53e-06
5.439e-06,2.62e-06,7.61e-06,5.526e-06,2.91e-06
5.268e-06,2.69e-06,7.55e-06,5.095e-06,2.69e-06
5.243e-06,2.29e-06,7.511e-06,5.345e-06,2.29e-06
5.548e-06,2.67e-06,7.72e-06,5.73e-06,2.84e-06
5.08e-06,2.44e-06,7.37e-06,5.08e-06,2.44e-06
5.085e-06,2.36e-06,7.23e-06,5.001e-06,2.36e-06
5.343e-06,2.59e-06,7.4e-06,5.415e-06,2.59e-06
5.493e-06,2.77e-06,7.55e-06,5.385e-06,2.77e-06
5.15e-06,2.38e-06,7.11e-06,5.145e-06,2.38e-06
5.204e-06,2.22e-06,7.28e-06,5.385e-06,2.22e-06
5.179e-06,2.13e-06,7.13e-06,5.13e-06,2.13e-06
5.67e-06,1.72e-06,7.79e-06,5.846e-06,1.72e-06
5.162e-06,2.51e-06,7.06e-06,5.045e-06,2.51e-06
5.23e-06,2.48e-06,7.421e-06,5.06e-06,2.48e-06
5.176e-06,2.46e-06,7.11e-06,5.141e-06,2.46e-06
5.28e-06,2.35e-06,7.28e-06,5.19e-06,2.35e-06
5.347e-06,2.501e-06,7.54e-06,5.46e-06,2.501e-06
5.088e-06,2.4e-06,7.041e-06,5.01e-06,2.4e-06
5.199e-06,2.44e-06,7.4e-06,5.146e-06,2.44e-06
5.29e-06,2.49e-06,7.34e-06,5.35e-06,2.49e-06
5.36e-06,2.69e-06,7.331e-06,5.355e-06,2.79e-06
5.256e-06,2.11e-06,7.4e-06,5.305e-06,2.11e-06
5.256e-06,2.41e-06,7.44e-06,5.225e-06,2.41e-06
5.242e-06,2.53e-06,7.32e-06,5.045e-06,2.53e-06
5.911e-06,2.05e-06,1.131e-05,6e-06,2.05e-06
5.06e-06,2.45e-06,7.06e-06,5.125e-06,2.45e-06
5.265e-06,1.94e-06,7.34e-06,5.215e-06,1.94e-06
5.327e-06,2.75e-06,7.56e-06,5.43e-06,2.77e-06
5.264e-06,2.59e-06,7.47e-06,5.16e-06,2.59e-06
5.326e-06,2.28e-06,7.23e-06,5.535e-06,2.28e-06
5.316e-06,2.28e-06,7.41e-06,5.345e-06,2.28e-06
5.319e-06,2.73e-06,7.2e-06,5.36e-06,2.73e-06
5.182e-06,2.55e-06,7.34e-06,5.086e-06,2.55e-06
5.154e-06,2.21e-06,7.48e-06,5.14e-06,2.21e-06
5.435e-06,2.48e-06,7.861e-06,5.6e-06,2.48e-06
5.316e-06,2.66e-06,7.43e-06,5.485e-06,2.66e-06
5.283e-06,2.52e-06,7.39e-06,5.42e-06,2.52e-06
5.279e-06,2.07e-06,7.41e-06,5.305e-06,2.07e-06
5.449e-06,2.73e-06,7.73e-06,5.48e-06,2.73e-06
5.231e-06,2.2e-06,7.281e-06,5.201e-06,2.2e-06
5.385e-06,2.6e-06,7.67e-06,5.26e-06,2.6e-06
5.299e-06,2.49e-06,7.59e-06,5.385e-06,2.49e-06
5.187e-06,2.17e-06,7.27e-06,5.07e-06,2.17e-06
5.692e-06,1.76e-06,7.81e-06,5.825e-06,1.76e-06
5.069e-06,2.34e-06,7.24e-06,4.705e-06,2.34e-06
0.000114539,3.8e-06,0.000128462,0.000126897,0.000124603
5.197e-06,2.27e-06,7.14e-06,5.01e-06,2.27e-06
5.242e-06,2.4e-06,7.35e-06,5.15e-06,2.4e-06
5.242e-06,2.111e-06,7.31e-06,5.215e-06,2.111e-06
5.274e-06,2.64e-06,7.46e-06,5.33e-06,2.64e-06
5.076e-06,2.26e-06,7.18e-06,5.011e-06,2.26e-06
5.623e-06,2.61e-06,7.86e-06,5.695e-06,2.9e-06
5.384e-06,2.79e-06,7.381e-06,5.46e-06,2.79e-06
5.145e-06,2.7e-06,7.46e-06,5.105e-06,2.7e-06
5.534e-06,1.88e-06,7.53e-06,5.55e-06,1.88e-06
5.129e-06,2.51e-06,7.11e-06,4.9e-06,2.51e-06
5.28e-06,1.88e-06,7.43e-06,5.36e-06,1.88e-06
5.293e-06,2.59e-06,7.51e-06,5.4e-06,2.59e-06
5.276e-06,2.11e-06,7.38e-06,5.4e-06,2.11e-06
5.181e-06,2.27e-06,7.241e-06,5.105e-06,2.27e-06
5.273e-06,2.75e-06,7.221e-06,5.3e-06,2.76e-06
5.458e-06,2.14e-06,7.65e-06,5.815e-06,2.14e-06
5.576e-06,1.74e-06,7.75e-06,5.68e-06,1.74e-06
5.408e-06,2.74e-06,7.53e-06,5.415e-06,2.74e-06
5.06e-06,2.46e-06,7.03e-06,4.975e-06,2.46e-06
5.28e-06,2.5e-06,7.47e-06,5.33e-06,2.5e-06
5.278e-06,2.45e-06,7.32e-06,5.18e-06,2.45e-06
5.193e-06,2.51e-06,7.25e-06,5.02e-06,2.51e-06
5.276e-06,1.87e-06,7.33e-06,5.336e-06,1.87e-06
5.315e-06,2.651e-06,7.53e-06,5.22e-06,2.651e-06
5.414e-06,2.45e-06,7.86e-06,5.52e-06,2.45e-06
5.153e-06,2.35e-06,7.37e-06,4.985e-06,2.35e-06
5.445e-06,2.74e-06,7.57e-06,5.466e-06,2.89e-06
5.158e-06,2.25e-06,7.09e-06,5.205e-06,2.25e-06
5.318e-06,1.88e-06,7.381e-06,5.42e-06,1.88e-06
5.438e-06,2.74e-06,7.66e-06,5.425e-06,2.8e-06
5.265e-06,2.56e-06,7.44e-06,5.27e-06,2.56e-06
5.209e-06,2.32e-06,7.25e-06,5.275e-06,2.32e-06
5.45e-06,2.64e-06,7.61e-06,5.555e-06,2.64e-06
5.361e-06,1.96e-06,7.4e-06,5.395e-06,1.96e-06
5.061e-06,2.82e-06,6.86e-06,4.8e-06,2.82e-06
5.289e-06,2.54e-06,7.49e-06,5.21e-06,2.54e-06
5.201e-06,2.15e-06,7.1e-06,5.316e-06,2.15e-06
5.493e-06,2.35e-06,7.69e-06,5.51e-06,2.35e-06
5.437e-06,2.64e-06,7.63e-06,5.515e-06,2.64e-06
5.504e-06,2.94e-06,7.48e-06,5.39e-06,4.09e-06
5.172e-06,2.2e-06,7.27e-06,5.305e-06,2.2e-06
5.367e-06,2.49e-06,7.51e-06,5.35e-06,2.49e-06
5.459e-06,2.61e-06,7.71e-06,5.555e-06,2.89e-06
5.106e-06,2.26e-06,7.441e-06,5.145e-06,2.26e-06
5.295e-06,2.041e-06,7.48e-06,5.25e-06,2.041e-06
5.856e-06,2.15e-06,8.14e-06,6.021e-06,3.43e-06
5.172e-06,2.49e-06,7.29e-06,5.29e-06,2.49e-06
5.422e-06,2.31e-06,7.94e-06,5.475e-06,2.31e-06
5.422e-06,2.15e-06,7.54e-06,5.53e-06,2.15e-06
5.16e-06,2.57e-06,7.16e-06,4.85e-06,2.57e-06
5.277e-06,2.51e-06,7.42e-06,5.23e-06,2.51e-06
5.156e-06,2.43e-06,7.08e-06,5.031e-06,2.43e-06
5.399e-06,2.51e-06,7.59e-06,5.39e-06,2.51e-06
5.156e-06,2.47e-06,7.32e-06,4.79e-06,2.47e-06
5.136e-06,2.52e-06,6.98e-06,5.191e-06,2.52e-06
5.278e-06,2.4e-06,7.34e-06,5.315e-06,2.4e-06
5.374e-06,2.64e-06,7.67e-06,5.275e-06,2.64e-06
5.397e-06,2.59e-06,7.88e-06,5.21e-06,2.95e-06
5.292e-06,2.71e-06,7.571e-06,5.311e-06,2.81e-06
5.21e-06,2.29e-06,7.32e-06,5.24e-06,2.29e-06
5.126e-06,2.4e-06,7.17e-06,5.005e-06,2.4e-06
5.422e-06,2.66e-06,7.6e-06,5.54e-06,2.66e-06
5.232e-06,2.07e-06,7.41e-06,5.44e-06,2.07e-06
5.544e-06,2.72e-06,7.86e-06,5.57e-06,2.72e-06
5.413e-06,2.59e-06,7.65e-06,5.525e-06,2.59e-06
5.506e-06,2.451e-06,7.74e-06,5.501e-06,2.451e-06
5.057e-06,2.56e-06,7.19e-06,5e-06,2.56e-06
5.263e-06,2.48e-06,7.32e-06,5.27e-06,2.48e-06
5.357e-06,1.82e-06,7.4e-06,5.465e-06,1.82e-06
5.192e-06,2.26e-06,7.27e-06,4.98e-06,2.26e-06
5.158e-06,2.34e-06,7.25e-06,5.085e-06,2.34e-06
5.277e-06,2.54e-06,7.43e-06,5.285e-06,2.54e-06
5.355e-06,2.5e-06,7.6e-06,5.415e-06,2.5e-06
5.374e-06,2.46e-06,7.651e-06,5.41e-06,2.46e-06
5.117e-06,2.14e-06,7.37e-06,5.17e-06,2.14e-06
5.101e-06,2.29e-06,7.29e-06,4.935e-06,2.29e-06
5.413e-06,1.88e-06,7.53e-06,5.471e-06,1.88e-06
5.429e-06,1.76e-06,7.35e-06,5.375e-06,1.76e-06
5.154e-06,2.32e-06,7.31e-06,4.955e-06,2.32e-06
5.218e-06,2.42e-06,7.22e-06,5.27e-06,2.42e-06
5.204e-06,2.43e-06,7.231e-06,5.215e-06,2.43e-06
5.49e-06,2.24e-06,7.68e-06,5.67e-06,2.24e-06
5.136e-06,2.46e-06,7.21e-06,4.83e-06,2.46e-06
5.103e-06,2.11e-06,7.02e-06,4.916e-06,2.11e-06
5.095e-06,2.38e-06,7.12e-06,4.98e-06,2.38e-06
5.3e-06,2.54e-06,7.4e-06,5.275e-06,2.54e-06
5.133e-06,2.461e-06,7.16e-06,5.005e-06,2.461e-06
5.258e-06,2.4e-06,7.35e-06,5.465e-06,2.4e-06
5.341e-06,2e-06,7.341e-06,5.45e-06,2e-06
5.611e-06,2.11e-06,7.75e-06,5.81e-06,2.11e-06
5.151e-06,2.28e-06,7.41e-06,4.96e-06,2.28e-06
5.066e-06,2.35e-06,6.98e-06,4.81e-06,2.35e-06
5.444e-06,2.71e-06,7.57e-06,5.575e-06,2.71e-06
5.247e-06,2.12e-06,7.38e-06,5.405e-06,2.12e-06
5.274e-06,2.19e-06,7.56e-06,5.23e-06,2.19e-06
5.263e-06,2.53e-06,7.331e-06,5.105e-06,2.53e-06
5.497e-06,1.89e-06,7.53e-06,5.59e-06,1.89e-06
5.447e-06,2.36e-06,7.74e-06,5.41e-06,2.36e-06
5.278e-06,2.23e-06,7.41e-06,5.43e-06,2.23e-06
5.414e-06,2.21e-06,7.79e-06,5.795e-06,2.21e-06
5.671e-06,2.54e-06,8.12e-06,5.901e-06,3.02e-06
5.375e-06,2.6e-06,7.53e-06,5.41e-06,2.6e-06
5.152e-06,2.09e-06,7.24e-06,5.07e-06,2.09e-06
5.219e-06,2.23e-06,7.23e-06,5.26e-06,2.23e-06
5.511e-06,1.82e-06,7.58e-06,5.605e-06,1.82e-06
5.253e-06,2.38e-06,7.49e-06,5.155e-06,2.38e-06
5.336e-06,2.64e-06,7.41e-06,5.325e-06,2.64e-06
5.176e-06,2.211e-06,7.11e-06,5.22e-06,2.211e-06
5.444e-06,2.11e-06,7.71e-06,5.606e-06,2.11e-06
5.239e-06,2.52e-06,7.22e-06,5.265e-06,2.52e-06
5.27e-06,2.76e-06,7.411e-06,5.07e-06,2.8e-06
5.228e-06,2.47e-06,7.38e-06,5.17e-06,2.47e-06
5.235e-06,2.44e-06,7.23e-06,5.32e-06,2.44e-06
5.499e-06,2.76e-06,7.63e-06,5.53e-06,2.81e-06
5.26e-06,2.43e-06,7.38e-06,5.25e-06,2.43e-06
5.449e-06,2.63e-06,7.73e-06,5.405e-06,2.88e-06
5.344e-06,2.52e-06,7.62e-06,5.455e-06,2.52e-06
5.348e-06,2.39e-06,7.69e-06,5.29e-06,2.39e-06
5.182e-06,2.51e-06,7.38e-06,5.14e-06,2.51e-06
5.312e-06,2.52e-06,7.44e-06,5.47e-06,2.52e-06
5.362e-06,2.57e-06,7.51e-06,5.44e-06,2.57e-06
5.347e-06,2.47e-06,7.55e-06,5.335e-06,2.47e-06
5.148e-06,2.31e-06,7.31e-06,5.156e-06,2.31e-06
5.287e-06,2.38e-06,7.23e-06,5.195e-06,2.38e-06
5.157e-06,2.33e-06,7.33e-06,4.975e-06,2.33e-06
5.214e-06,2.36e-06,7.171e-06,5.23e-06,2.36e-06
5.257e-06,2.54e-06,7.39e-06,5.13e-06,2.54e-06
5.356e-06,2.73e-06,7.41e-06,5.285e-06,2.73e-06
5.179e-06,1.941e-06,7.21e-06,5.135e-06,1.941e-06
5.306e-06,2.57e-06,7.36e-06,5.25e-06,2.57e-06
5.438e-06,2.39e-06,7.52e-06,5.42e-06,2.39e-06
5.169e-06,2.48e-06,7.4e-06,5.13e-06,2.48e-06
5.33e-06,2.48e-06,7.55e-06,5.225e-06,2.48e-06
5.338e-06,2.7e-06,7.43e-06,5.54e-06,2.7e-06
5.204e-06,1.98e-06,7.44e-06,5.185e-06,1.98e-06
5.301e-06,2.53e-06,7.4e-06,5.4e-06,2.53e-06
5.327e-06,2.57e-06,7.58e-06,5.38e-06,2.57e-06
5.326e-06,2.7e-06,7.42e-06,5.425e-06,2.7e-06
5.244e-06,2.18e-06,7.31e-06,5.35e-06,2.18e-06
5.564e-06,2.75e-06,7.72e-06,5.73e-06,2.87e-06
5.142e-06,2.19e-06,7.091e-06,5.241e-06,2.19e-06
5.326e-06,2.5e-06,7.4e-06,5.326e-06,2.5e-06
5.17e-06,2.19e-06,7.16e-06,5.35e-06,2.19e-06
5.597e-06,1.95e-06,7.85e-06,5.85e-06,1.95e-06
5.147e-06,2.38e-06,7.09e-06,5.25e-06,2.38e-06
5.539e-06,2.62e-06,7.68e-06,5.725e-06,2.86e-06
5.215e-06,2.62e-06,7.45e-06,5.075e-06,2.62e-06
5.096e-06,2.36e-06,7.24e-06,5.101e-06,2.36e-06
5.583e-06,2.67e-06,7.95e-06,5.785e-06,2.91e-06
5.227e-06,2.571e-06,7.18e-06,5.115e-06,2.571e-06
5.137e-06,2.43e-06,7.37e-06,4.96e-06,2.43e-06
5.498e-06,2.65e-06,7.58e-06,5.715e-06,2.91e-06
5.343e-06,3.08e-06,7.56e-06,5.2e-06,3.08e-06
5.338e-06,2.51e-06,7.5e-06,5.315e-06,2.51e-06
5.534e-06,2.42e-06,7.86e-06,5.561e-06,3.08e-06
5.087e-06,2.42e-06,7.05e-06,5.04e-06,2.42e-06
5.249e-06,2.15e-06,7.38e-06,5.345e-06,2.15e-06
5.192e-06,2.35e-06,7.21e-06,5.15e-06,2.35e-06
5.397e-06,2.56e-06,7.53e-06,5.485e-06,2.56e-06
5.327e-06,2.68e-06,7.4e-06,5.455e-06,2.68e-06
5.319e-06,2.16e-06,7.05e-06,5.57e-06,2.16e-06
5.465e-06,2.01e-06,7.93e-06,5.39e-06,2.01e-06
5.088e-06,2.48e-06,7.181e-06,5.04e-06,2.48e-06
5.144e-06,2.47e-06,7.1e-06,5.04e-06,2.47e-06
5.354e-06,2.61e-06,7.47e-06,5.305e-06,2.61e-06
5.172e-06,2.12e-06,7.23e-06,5.105e-06,2.12e-06
5.241e-06,2.35e-06,7.46e-06,5.195e-06,2.35e-06
5.172e-06,2.11e-06,7.28e-06,5.145e-06,2.11e-06
5.487e-06,2.79e-06,7.72e-06,5.51e-06,2.79e-06
5.138e-06,2.28e-06,7.13e-06,5.08e-06,2.28e-06
5.345e-06,1.921e-06,7.58e-06,5.44e-06,1.921e-06
5.181e-06,2.28e-06,7.51e-06,5.13e-06,2.28e-06
5.185e-06,2.34e-06,7.26e-06,5.116e-06,2.34e-06
5.262e-06,2.38e-06,7.58e-06,5.175e-06,2.38e-06
5.145e-06,2.45e-06,7.23e-06,5.08e-06,2.45e-06
5.231e-06,2.43e-06,7.38e-06,5.2e-06,2.43e-06
5.192e-06,2.29e-06,7.47e-06,4.975e-06,2.29e-06
5.444e-06,2.54e-06,7.591e-06,5.54e-06,2.54e-06
5.305e-06,2.33e-06,7.41e-06,5.25e-06,2.33e-06
5.311e-06,2.54e-06,7.34e-06,5.36e-06,2.54e-06
5.279e-06,2.09e-06,7.65e-06,5.145e-06,2.09e-06
5.19e-06,2.4e-06,7.18e-06,5.115e-06,2.4e-06
5.326e-06,2.48e-06,7.43e-06,5.315e-06,2.48e-06
5.383e-06,2.68e-06,7.7e-06,5.375e-06,2.78e-06
5.232e-06,2.57e-06,7.5e-06,5.25e-06,2.57e-06
5.274e-06,2.44e-06,7.26e-06,5.35e-06,2.44e-06
5.562e-06,2.22e-06,7.711e-06,5.765e-06,2.22e-06
5.229e-06,2.44e-06,7.08e-06,5.111e-06,2.44e-06
5.551e-06,2.64e-06,7.74e-06,5.66e-06,2.96e-06
5.364e-06,2.53e-06,7.51e-06,5.415e-06,2.53e-06
5.365e-06,2.72e-06,7.54e-06,5.411e-06,2.72e-06
5.304e-06,2.491e-06,7.55e-06,5.125e-06,2.491e-06
5.318e-06,1.9e-06,7.491e-06,5.485e-06,1.9e-06
5.472e-06,2.04e-06,7.54e-06,5.66e-06,2.04e-06
5.382e-06,2.811e-06,7.64e-06,5.33e-06,2.89e-06
5.302e-06,2.55e-06,7.4e-06,5.205e-06,2.55e-06
5.09e-06,2.06e-06,7.38e-06,4.911e-06,2.06e-06
5.344e-06,2.56e-06,7.47e-06,5.455e-06,2.56e-06
5.405e-06,2.7e-06,7.68e-06,5.55e-06,2.73e-06
5.357e-06,2.6e-06,7.42e-06,5.43e-06,2.6e-06
5.154e-06,2.4e-06,7.14e-06,5.105e-06,2.4e-06
5.309e-06,2.06e-06,7.34e-06,5.35e-06,2.06e-06
5.493e-06,2.69e-06,7.55e-06,5.58e-06,3.17e-06
5.179e-06,2.32e-06,7.35e-06,5.11e-06,2.32e-06
5.153e-06,2.3e-06,7.09e-06,5.171e-06,2.3e-06
5.335e-06,2.1e-06,7.64e-06,5.455e-06,2.1e-06
5.613e-06,2.35e-06,7.88e-06,5.765e-06,3.06e-06
5.249e-06,2.56e-06,7.451e-06,5.31e-06,2.56e-06
5.256e-06,2.61e-06,7.21e-06,5.125e-06,2.61e-06
5.188e-06,2.28e-06,7.22e-06,4.99e-06,2.28e-06
5.177e-06,2.51e-06,7.28e-06,5.1e-06,2.51e-06
5.511e-06,2.74e-06,7.64e-06,5.745e-06,2.8e-06
5.389e-06,2.671e-06,7.73e-06,5.425e-06,2.671e-06
5.143e-06,2.35e-06,7.26e-06,5.155e-06,2.35e-06
5.501e-06,2.65e-06,7.72e-06,5.57e-06,2.91e-06
5.167e-06,2.37e-06,7.19e-06,5.18e-06,2.37e-06
5.124e-06,2.25e-06,7.11e-06,5.11e-06,2.25e-06
5.229e-06,2.54e-06,7.16e-06,5.095e-06,2.54e-06
5.26e-06,2.79e-06,7.26e-06,5.29e-06,2.79e-06
5.297e-06,2.74e-06,7.58e-06,5.236e-06,2.74e-06
5.295e-06,2.52e-06,7.51e-06,5.35e-06,2.52e-06
5.363e-06,2.09e-06,7.38e-06,5.375e-06,2.09e-06
5.455e-06,2.46e-06,7.661e-06,5.525e-06,2.46e-06
5.356e-06,2.04e-06,7.43e-06,5.43e-06,2.04e-06
5.055e-06,2.32e-06,7.25e-06,4.95e-06,2.32e-06
5.202e-06,2.33e-06,7.41e-06,5.17e-06,2.33e-06
5.341e-06,1.89e-06,7.3e-06,5.44e-06,1.89e-06
5.194e-06,2.61e-06,7.28e-06,4.97e-06,2.61e-06
5.376e-06,2.49e-06,7.49e-06,5.501e-06,2.49e-06
5.481e-06,1.9e-06,7.641e-06,5.39e-06,1.9e-06
5.165e-06,2.16e-06,7.23e-06,5.345e-06,2.16e-06
5.234e-06,2.3e-06,7.26e-06,5.31e-06,2.3e-06
5.674e-06,1.82e-06,7.67e-06,5.745e-06,1.82e-06
5.262e-06,2.57e-06,7.35e-06,5.27e-06,2.57e-06
5.479e-06,2.72e-06,7.69e-06,5.645e-06,2.85e-06
5.198e-06,2.46e-06,7.4e-06,5.01e-06,2.46e-06
5.143e-06,2.1e-06,7.06e-06,5.135e-06,2.1e-06
5.656e-06,2.46e-06,7.871e-06,5.75e-06,3.051e-06
5.249e-06,2.33e-06,7.4e-06,5.305e-06,2.33e-06
5.244e-06,2.34e-06,7.24e-06,5.25e-06,2.34e-06
5.208e-06,2.17e-06,7.18e-06,5.125e-06,2.17e-06
5.194e-06,2.3e-06,7.16e-06,5.03e-06,2.3e-06
5.714e-06,2.59e-06,7.75e-06,6.79e-06,2.59e-06
6.241e-06,2.22e-06,8.84e-06,7.2e-06,2.22e-06
5.473e-06,1.97e-06,7.601e-06,5.59e-06,1.97e-06
5.265e-06,2.28e-06,7.56e-06,5.045e-06,2.28e-06
5.055e-06,2.27e-06,7.31e-06,4.69e-06,2.27e-06
5.579e-06,2.69e-06,7.96e-06,5.705e-06,2.85e-06
5.159e-06,2.38e-06,7.04e-06,5.27e-06,2.38e-06
5.595e-06,2.57e-06,7.91e-06,5.735e-06,2.99e-06
5.167e-06,2.27e-06,7.31e-06,4.956e-06,2.27e-06
5.225e-06,2.55e-06,7.39e-06,5.165e-06,2.55e-06
5.328e-06,2.08e-06,7.48e-06,5.355e-06,2.08e-06
5.175e-06,2.28e-06,7.03e-06,4.99e-06,2.28e-06
5.12e-06,2.49e-06,7.331e-06,4.795e-06,2.49e-06
5.46e-06,2.76e-06,7.72e-06,5.735e-06,2.81e-06
5.488e-06,1.88e-06,7.51e-06,5.865e-06,1.88e-06
5.631e-06,2.63e-06,7.98e-06,5.825e-06,2.63e-06
5.471e-06,2.77e-06,7.64e-06,5.54e-06,2.79e-06
5.664e-06,2.34e-06,7.84e-06,5.825e-06,3.04e-06
5.39e-06,2.51e-06,7.41e-06,5.375e-06,2.85e-06
6.135e-06,1.79e-06,8.361e-06,6.77e-06,1.79e-06
5.681e-06,2.34e-06,7.95e-06,5.625e-06,3.15e-06
5.664e-06,2.45e-06,7.88e-06,5.905e-06,2.8e-06
5.329e-06,2.47e-06,7.46e-06,5.435e-06,2.47e-06
5.737e-06,2.36e-06,8.08e-06,6.035e-06,3.03e-06
5.947e-06,2.11e-06,8.34e-06,6.206e-06,3.66e-06
5.45e-06,2.6e-06,7.53e-06,5.55e-06,2.86e-06
5.57e-06,2.71e-06,7.681e-06,5.835e-06,2.74e-06
5.854e-06,1.98e-06,8.03e-06,6.22e-06,3.33e-06
5.465e-06,2.56e-06,7.58e-06,5.485e-06,2.82e-06
5.665e-06,2.31e-06,7.85e-06,5.9e-06,3.13e-06
8.199e-06,1.96e-06,1.125e-05,9.17e-06,6.56e-06
5.34e-06,2.6e-06,7.55e-06,5.37e-06,2.7e-06
5.397e-06,2.42e-06,7.65e-06,5.495e-06,2.98e-06
5.453e-06,2.6e-06,7.591e-06,5.475e-06,2.79e-06
5.411e-06,2.53e-06,7.49e-06,5.486e-06,2.75e-06
5.973e-06,2e-06,8.24e-06,6.3e-06,3.23e-06
5.361e-06,2.63e-06,7.22e-06,5.425e-06,2.63e-06
5.42e-06,2.61e-06,7.22e-06,5.485e-06,2.61e-06
5.698e-06,2.54e-06,7.95e-06,5.9e-06,2.85e-06
5.436e-06,2.41e-06,7.56e-06,5.51e-06,2.83e-06
5.87e-06,2.04e-06,8.04e-06,6.095e-06,3.52e-06
6.523e-06,2.09e-06,8.9e-06,6.931e-06,4.14e-06
5.389e-06,2.76e-06,7.43e-06,5.48e-06,2.77e-06
7.861e-06,1.71e-06,1.101e-05,8.725e-06,1.71e-06
5.305e-06,2.63e-06,7.301e-06,5.115e-06,2.63e-06
5.924e-06,2.04e-06,7.97e-06,6.235e-06,3.54e-06
5.617e-06,2.59e-06,7.78e-06,6.01e-06,2.74e-06
5.288e-06,1.92e-06,7.48e-06,5.4e-06,1.92e-06
5.562e-06,2.49e-06,7.68e-06,5.665e-06,2.95e-06
5.524e-06,2.58e-06,7.64e-06,5.765e-06,2.58e-06
6.025e-06,2.04e-06,8.01e-06,6.46e-06,3.4e-06
5.613e-06,2.42e-06,7.951e-06,5.896e-06,2.42e-06
5.4e-06,2.54e-06,7.36e-06,5.36e-06,2.75e-06
5.332e-06,2.55e-06,7.45e-06,5.24e-06,2.69e-06
5.454e-06,2.44e-06,7.461e-06,5.39e-06,3.01e-06
5.549e-06,2.65e-06,7.5e-06,5.81e-06,2.88e-06
5.669e-06,2.14e-06,7.77e-06,5.931e-06,3.29e-06
5.709e-06,2.35e-06,7.9e-06,5.995e-06,3.01e-06
5.515e-06,2.41e-06,7.391e-06,5.735e-06,3.02e-06
5.538e-06,2.61e-06,7.67e-06,5.66e-06,2.63e-06
5.84e-06,2.05e-06,8.16e-06,5.955e-06,3.47e-06
5.78e-06,2.71e-06,7.871e-06,6.14e-06,2.96e-06
5.431e-06,2.5e-06,7.29e-06,5.75e-06,2.8e-06
5.52e-06,2.43e-06,7.48e-06,5.88e-06,3e-06
5.47e-06,2.64e-06,7.61e-06,5.77e-06,2.78e-06
6.296e-06,1.99e-06,8.72e-06,6.675e-06,3.95e-06
5.518e-06,2.66e-06,7.56e-06,5.91e-06,2.66e-06
5.761e-06,2.38e-06,8.23e-06,6e-06,2.98e-06
5.365e-06,2.6e-06,7.531e-06,5.511e-06,2.6e-06
1.2143e-05,9.77e-06,1.397e-05,1.1911e-05,9.77e-06
5.558e-06,2.191e-06,7.41e-06,5.65e-06,2.191e-06
5.792e-06,2.09e-06,8.051e-06,6.275e-06,3.69e-06
5.637e-06,2.46e-06,7.79e-06,5.685e-06,3e-06
5.352e-06,2.56e-06,7.41e-06,5.401e-06,2.69e-06
5.669e-06,2.17e-06,7.71e-06,5.91e-06,3.171e-06
5.505e-06,2.42e-06,7.611e-06,5.61e-06,2.92e-06
5.714e-06,2.23e-06,7.89e-06,5.905e-06,3.13e-06
5.77e-06,2.29e-06,8.01e-06,6.145e-06,2.98e-06
5.301e-06,2.291e-06,7.36e-06,5.58e-06,2.291e-06
5.73e-06,2.44e-06,7.95e-06,5.97e-06,2.97e-06
5.545e-06,2.39e-06,7.88e-06,5.67e-06,2.98e-06
5.42e-06,1.88e-06,7.54e-06,5.746e-06,1.88e-06
5.474e-06,2.74e-06,7.641e-06,5.46e-06,2.9e-06
5.444e-06,2.68e-06,7.55e-06,5.46e-06,2.69e-06
5.308e-06,2.63e-06,7.31e-06,5.44e-06,2.75e-06
6.173e-06,1.95e-06,8.48e-06,6.545e-06,3.84e-06
6.4e-06,2e-06,8.88e-06,6.905e-06,4.121e-06
5.478e-06,2.54e-06,7.4e-06,5.48e-06,2.84e-06
5.799e-06,2.02e-06,7.99e-06,6.095e-06,3.51e-06
5.666e-06,2.47e-06,8.041e-06,5.985e-06,2.92e-06
5.287e-06,2.68e-06,7.3e-06,5.335e-06,2.68e-06
5.543e-06,2.26e-06,7.68e-06,5.59e-06,3.09e-06
5.801e-06,2.09e-06,8.07e-06,6.005e-06,3.45e-06
5.804e-06,2.14e-06,7.84e-06,6.07e-06,3.52e-06
5.997e-06,2.67e-06,8.3e-06,6.365e-06,3.151e-06
5.782e-06,2.18e-06,8.09e-06,6.03e-06,3.39e-06
6.477e-06,2.05e-06,8.98e-06,6.99e-06,3.77e-06
5.48e-06,2.62e-06,7.57e-06,5.55e-06,3.04e-06
5.717e-06,2.24e-06,7.82e-06,6.026e-06,3.271e-06
5.557e-06,2.57e-06,7.6e-06,5.766e-06,2.84e-06
6.241e-06,2.05e-06,8.54e-06,6.605e-06,3.88e-06
5.746e-06,2.28e-06,7.9e-06,5.85e-06,3.15e-06
5.716e-06,2.16e-06,7.97e-06,5.855e-06,3.211e-06
5.615e-06,2.47e-06,7.691e-06,5.93e-06,2.97e-06
5.468e-06,2.42e-06,7.6e-06,5.44e-06,3.11e-06
6.005e-06,2.12e-06,8.22e-06,6.57e-06,3.37e-06
5.978e-06,2.24e-06,8.06e-06,6.18e-06,3.611e-06
5.884e-06,2.08e-06,8.1e-06,6.295e-06,3.47e-06
5.426e-06,2.61e-06,7.49e-06,5.37e-06,2.61e-06
5.49e-06,2.54e-06,7.62e-06,5.655e-06,2.84e-06
5.503e-06,2.45e-06,7.671e-06,5.595e-06,2.921e-06
5.936e-06,2.07e-06,8.11e-06,6.245e-06,3.69e-06
5.593e-06,2.75e-06,7.89e-06,5.611e-06,2.87e-06
5.904e-06,2.4e-06,8.08e-06,5.99e-06,3.32e-06
5.368e-06,2.45e-06,7.44e-06,5.6e-06,2.901e-06
5.484e-06,2.06e-06,7.5e-06,5.746e-06,2.06e-06
5.461e-06,2.93e-06,7.51e-06,5.26e-06,3.06e-06
5.322e-06,2.66e-06,7.49e-06,5.465e-06,2.66e-06
5.611e-06,2.36e-06,7.79e-06,5.745e-06,2.991e-06
5.385e-06,2.57e-06,7.5e-06,5.4e-06,2.71e-06
5.684e-06,2.43e-06,8.09e-06,6.07e-06,3.02e-06
5.707e-06,2.15e-06,7.93e-06,6.021e-06,3.27e-06
6.18e-06,2.06e-06,8.431e-06,6.555e-06,3.821e-06
5.377e-06,2.64e-06,7.59e-06,5.59e-06,2.64e-06
5.554e-06,2.59e-06,7.7e-06,5.635e-06,2.86e-06
5.539e-06,2.49e-06,7.8e-06,5.585e-06,3.49e-06
5.74e-06,2.2e-06,7.74e-06,6.11e-06,3.441e-06
5.88e-06,2.02e-06,7.91e-06,6.195e-06,3.52e-06
5.613e-06,2.47e-06,7.66e-06,5.645e-06,3.01e-06
5.562e-06,2.34e-06,7.601e-06,5.705e-06,2.98e-06
5.477e-06,2.771e-06,7.61e-06,5.715e-06,2.771e-06
5.549e-06,2.58e-06,7.7e-06,5.68e-06,2.81e-06
5.314e-06,2.49e-06,7.27e-06,5.175e-06,2.49e-06
5.635e-06,2.24e-06,7.84e-06,5.835e-06,3.16e-06
5.709e-06,2.41e-06,7.74e-06,6.146e-06,3.091e-06
5.465e-06,2.56e-06,7.65e-06,5.74e-06,2.56e-06
5.612e-06,2.91e-06,7.65e-06,5.66e-06,3.02e-06
5.57e-06,2.61e-06,7.67e-06,5.775e-06,2.61e-06
5.479e-06,2.761e-06,7.59e-06,5.465e-06,2.86e-06
5.597e-06,2.49e-06,7.661e-06,6.016e-06,3.19e-06
5.405e-06,2.49e-06,7.48e-06,5.43e-06,2.49e-06
5.466e-06,2.58e-06,7.69e-06,5.48e-06,2.83e-06
5.369e-06,2.16e-06,7.54e-06,5.575e-06,2.16e-06
5.581e-06,2.95e-06,7.54e-06,5.586e-06,2.95e-06
5.489e-06,2.51e-06,7.44e-06,5.805e-06,2.93e-06
5.949e-06,2.05e-06,8.06e-06,6.335e-06,3.47e-06
5.619e-06,2.49e-06,7.761e-06,5.955e-06,2.86e-06
5.868e-06,2.48e-06,8.16e-06,6.1e-06,2.86e-06
5.301e-06,2.7e-06,7.47e-06,5.35e-06,2.7e-06
5.338e-06,2.59e-06,7.53e-06,5.376e-06,2.59e-06
5.536e-06,2.49e-06,7.53e-06,5.685e-06,2.97e-06
5.543e-06,2.37e-06,7.41e-06,5.74e-06,3.26e-06
5.494e-06,2.59e-06,7.59e-06,5.485e-06,2.92e-06
5.44e-06,2.6e-06,7.611e-06,5.6e-06,2.6e-06
5.616e-06,2.49e-06,7.73e-06,5.785e-06,2.9e-06
5.756e-06,2.15e-06,7.94e-06,6.115e-06,3.18e-06
6.179e-06,2.02e-06,8.63e-06,6.376e-06,3.81e-06
5.701e-06,2.36e-06,7.85e-06,5.965e-06,2.99e-06
5.891e-06,2.61e-06,8.32e-06,6.175e-06,2.99e-06
5.868e-06,2.17e-06,8.24e-06,6.005e-06,3.45e-06
6.157e-06,2.14e-06,8.561e-06,6.47e-06,3.83e-06
5.794e-06,2.19e-06,7.84e-06,6.015e-06,3.3e-06
5.408e-06,2.48e-06,7.55e-06,5.64e-06,2.88e-06
5.679e-06,2.45e-06,7.97e-06,6.01e-06,2.98e-06
5.92e-06,2.14e-06,8.36e-06,6.295e-06,3.47e-06
5.563e-06,2.29e-06,7.62e-06,5.675e-06,3.03e-06
5.712e-06,2.1e-06,7.83e-06,5.9e-06,3.34e-06
5.861e-06,2.02e-06,7.961e-06,6.08e-06,3.55e-06
5.83e-06,2e-06,8e-06,5.97e-06,3.51e-06
6.181e-06,2.09e-06,8.6e-06,6.506e-06,3.78e-06
5.601e-06,2.66e-06,7.551e-06,5.89e-06,2.771e-06
5.561e-06,2.52e-06,7.78e-06,5.795e-06,2.96e-06
5.708e-06,2.58e-06,8.01e-06,5.93e-06,2.82e-06
5.561e-06,2.44e-06,7.87e-06,5.7e-06,2.91e-06
5.537e-06,2.55e-06,7.841e-06,5.715e-06,2.991e-06
5.51e-06,2.46e-06,7.72e-06,5.605e-06,2.92e-06
5.352e-06,2.65e-06,7.37e-06,5.486e-06,2.65e-06
5.547e-06,2.48e-06,7.64e-06,5.54e-06,3.02e-06
5.359e-06,2.78e-06,7.27e-06,5.36e-06,3.02e-06
5.41e-06,2.57e-06,7.4e-06,5.54e-06,2.78e-06
5.528e-06,2.36e-06,7.76e-06,5.485e-06,3.03e-06
5.557e-06,2.56e-06,7.81e-06,5.45e-06,2.89e-06
5.356e-06,2.3e-06,7.56e-06,5.63e-06,2.3e-06
5.712e-06,2.45e-06,8.12e-06,5.825e-06,3.02e-06
5.686e-06,2.24e-06,8.01e-06,5.89e-06,3.24e-06
5.533e-06,2.7e-06,7.63e-06,5.78e-06,2.7e-06
5.579e-06,2.47e-06,7.9e-06,5.83e-06,2.91e-06
5.328e-06,2.54e-06,7.3e-06,5.34e-06,2.87e-06
5.615e-06,2.63e-06,7.87e-06,5.7e-06,3.02e-06
5.269e-06,2.54e-06,7.25e-06,5.36e-06,2.54e-06
5.499e-06,2.16e-06,7.48e-06,5.686e-06,3.2e-06
5.348e-06,2.65e-06,7.29e-06,5.431e-06,2.65e-06
5.489e-06,2.37e-06,7.76e-06,5.515e-06,3.02e-06
6.102e-06,2.1e-06,8.37e-06,6.46e-06,3.5e-06
5.662e-06,2.24e-06,7.77e-06,5.795e-06,3.28e-06
5.739e-06,2.88e-06,7.81e-06,6e-06,2.88e-06
5.575e-06,2.56e-06,7.641e-06,5.68e-06,3.16e-06
5.65e-06,2.24e-06,7.84e-06,5.81e-06,3.06e-06
6.048e-06,1.94e-06,8.45e-06,6.485e-06,3.66e-06
6.09e-06,2.11e-06,8.35e-06,6.375e-06,3.48e-06
5.788e-06,2.52e-06,7.95e-06,5.861e-06,3.42e-06
6.333e-06,2.4e-06,8.441e-06,6.655e-06,4e-06
5.474e-06,2.78e-06,7.57e-06,5.52e-06,2.78e-06
5.872e-06,2.08e-06,8.121e-06,6.12e-06,3.51e-06
5.444e-06,2.55e-06,7.74e-06,5.56e-06,2.8e-06
5.642e-06,2.65e-06,7.91e-06,5.85e-06,2.65e-06
5.535e-06,2.63e-06,7.4e-06,5.825e-06,2.63e-06
5.371e-06,2.65e-06,7.58e-06,5.46e-06,2.65e-06
5.943e-06,2.44e-06,8.2e-06,6.24e-06,3.26e-06
6.183e-06,2.11e-06,8.61e-06,6.55e-06,3.54e-06
5.56e-06,2.4e-06,7.55e-06,5.621e-06,3.12e-06
5.556e-06,2.67e-06,7.48e-06,5.84e-06,2.86e-06
5.628e-06,2.72e-06,7.7e-06,5.71e-06,2.81e-06
5.41e-06,2.68e-06,7.56e-06,5.565e-06,2.68e-06
5.844e-06,2.09e-06,7.92e-06,6.25e-06,3.54e-06
5.358e-06,2.42e-06,7.37e-06,5.59e-06,2.42e-06
5.391e-06,2.63e-06,7.46e-06,5.49e-06,2.78e-06
5.575e-06,2.76e-06,7.45e-06,5.775e-06,2.96e-06
6.017e-06,2.19e-06,8.39e-06,6.375e-06,3.57e-06
5.54e-06,2.62e-06,8e-06,5.585e-06,2.71e-06
5.299e-06,2.72e-06,7.35e-06,5.31e-06,2.73e-06
5.466e-06,2.38e-06,7.66e-06,5.455e-06,3.01e-06
5.817e-06,2.19e-06,7.99e-06,6.15e-06,3.34e-06
5.568e-06,2.26e-06,7.67e-06,5.765e-06,3.15e-06
5.484e-06,2.61e-06,7.58e-06,5.71e-06,2.94e-06
5.511e-06,2.72e-06,7.54e-06,5.95e-06,2.72e-06
5.845e-06,2.4e-06,8.12e-06,6.271e-06,2.99e-06
5.44e-06,2.45e-06,7.45e-06,5.81e-06,2.97e-06
5.739e-06,2.42e-06,8.1e-06,5.885e-06,3.15e-06
5.346e-06,2.651e-06,7.41e-06,5.53e-06,2.81e-06
5.491e-06,2.32e-06,7.8e-06,5.685e-06,3.07e-06
5.334e-06,2.61e-06,7.41e-06,5.54e-06,2.78e-06
5.472e-06,2.52e-06,7.43e-06,5.575e-06,2.98e-06
6.212e-06,1.97e-06,8.73e-06,6.68e-06,3.8e-06
5.69e-06,2.301e-06,7.9e-06,5.915e-06,3.08e-06
5.443e-06,2.64e-06,7.62e-06,5.631e-06,2.74e-06
5.623e-06,2.65e-06,7.77e-06,5.82e-06,2.82e-06
5.612e-06,2.52e-06,7.78e-06,5.805e-06,2.89e-06
5.492e-06,2.57e-06,7.58e-06,5.625e-06,2.84e-06
5.886e-06,2.181e-06,8.24e-06,6.165e-06,3.43e-06
2.0297e-05,2.08e-06,3.81e-05,2.0566e-05,3.1841e-05
5.487e-06,2.16e-06,7.65e-06,5.516e-06,3.1e-06
5.474e-06,2.66e-06,7.65e-06,5.565e-06,2.99e-06
5.537e-06,2.4e-06,7.47e-06,5.77e-06,2.97e-06
5.421e-06,2.52e-06,7.48e-06,5.34e-06,2.98e-06
5.453e-06,2.59e-06,7.58e-06,5.56e-06,2.82e-06
5.52e-06,2.42e-06,7.7e-06,5.755e-06,3.01e-06
5.444e-06,2.47e-06,7.36e-06,5.675e-06,2.98e-06
5.489e-06,2.67e-06,7.47e-06,5.54e-06,2.67e-06
5.331e-06,2.6e-06,7.48e-06,5.066e-06,2.6e-06
5.569e-06,2.61e-06,7.71e-06,5.906e-06,2.79e-06
5.44e-06,2.61e-06,7.48e-06,5.615e-06,2.76e-06
5.64e-06,2.471e-06,7.8e-06,5.74e-06,2.92e-06
5.484e-06,2.61e-06,7.52e-06,5.535e-06,2.93e-06
5.873e-06,2.09e-06,8.11e-06,6.09e-06,3.52e-06
5.423e-06,2.47e-06,7.43e-06,5.5e-06,2.47e-06
5.421e-06,2.48e-06,7.49e-06,5.46e-06,3.06e-06
5.546e-06,2.471e-06,7.731e-06,5.67e-06,3e-06
5.45e-06,2.35e-06,7.39e-06,5.715e-06,2.93e-06
5.442e-06,2.65e-06,7.46e-06,5.566e-06,2.8e-06
6.095e-06,2.2e-06,8.4e-06,6.235e-06,3.58e-06
5.357e-06,2.63e-06,7.39e-06,5.275e-06,2.83e-06
5.385e-06,2.68e-06,7.46e-06,5.54e-06,2.8e-06
5.452e-06,2.68e-06,7.62e-06,5.58e-06,2.68e-06
5.573e-06,2.25e-06,7.631e-06,5.555e-06,3.13e-06
6.341e-06,2.01e-06,8.401e-06,6.695e-06,4.08e-06
5.519e-06,2.84e-06,7.54e-06,5.425e-06,3.18e-06
5.436e-06,2.64e-06,7.7e-06,5.46e-06,2.85e-06
5.761e-06,2.51e-06,7.91e-06,5.98e-06,2.92e-06
5.557e-06,2.55e-06,7.77e-06,5.62e-06,2.55e-06
5.696e-06,2.62e-06,7.94e-06,5.95e-06,2.62e-06
5.576e-06,2.63e-06,7.59e-06,5.68e-06,2.94e-06
5.723e-06,2.42e-06,8.071e-06,5.95e-06,3.07e-06
5.471e-06,2.64e-06,7.73e-06,5.585e-06,2.73e-06
5.443e-06,2.64e-06,7.62e-06,5.68e-06,2.66e-06
6.101e-06,2.1e-06,8.31e-06,6.56e-06,3.43e-06
5.437e-06,2.32e-06,7.63e-06,5.695e-06,2.32e-06
5.542e-06,2.73e-06,7.9e-06,5.47e-06,2.73e-06
5.32e-06,2.56e-06,7.34e-06,5.37e-06,2.8e-06
5.565e-06,2.47e-06,7.5e-06,5.555e-06,2.99e-06
5.73e-06,2.23e-06,7.83e-06,5.96e-06,3.2e-06
5.395e-06,2.68e-06,7.62e-06,5.611e-06,2.68e-06
5.57e-06,2.28e-06,7.81e-06,5.725e-06,2.98e-06
5.404e-06,2.63e-06,7.39e-06,5.596e-06,2.63e-06
5.958e-06,2.08e-06,8.32e-06,6.325e-06,3.44e-06
5.908e-06,2.13e-06,8.03e-06,6.175e-06,3.49e-06
5.904e-06,2.64e-06,8.17e-06,6.2e-06,3.02e-06
5.579e-06,2.3e-06,7.78e-06,5.655e-06,3.09e-06
5.537e-06,2.43e-06,7.78e-06,5.49e-06,3.13e-06
5.545e-06,2.56e-06,7.74e-06,5.685e-06,2.88e-06
5.519e-06,2.27e-06,7.61e-06,5.705e-06,3.01e-06
5.391e-06,2.37e-06,7.53e-06,5.495e-06,2.37e-06
5.767e-06,2.28e-06,8.12e-06,5.9e-06,3.18e-06
5.429e-06,2.69e-06,7.49e-06,5.515e-06,2.69e-06
5.538e-06,2.45e-06,7.71e-06,5.791e-06,3.15e-06
5.368e-06,2.69e-06,7.46e-06,5.575e-06,2.69e-06
5.676e-06,2.42e-06,7.86e-06,5.82e-06,3.16e-06
5.467e-06,2.4e-06,7.64e-06,5.52e-06,2.95e-06
5.679e-06,2.35e-06,7.82e-06,5.795e-06,3.13e-06
5.84e-06,2.13e-06,8.04e-06,5.95e-06,3.44e-06
5.563e-06,2.5e-06,7.85e-06,5.626e-06,2.5e-06
5.506e-06,2.24e-06,7.34e-06,5.78e-06,3.1e-06
6.21e-06,2.04e-06,8.731e-06,6.555e-06,3.56e-06
5.479e-06,2.47e-06,7.52e-06,5.711e-06,2.95e-06
5.534e-06,2.37e-06,7.62e-06,5.71e-06,3.1e-06
5.391e-06,2.59e-06,7.49e-06,5.465e-06,2.59e-06
5.463e-06,2.49e-06,7.5e-06,5.52e-06,2.94e-06
5.391e-06,2.58e-06,7.29e-06,5.7e-06,2.73e-06
5.612e-06,2.24e-06,7.861e-06,5.855e-06,3.12e-06
5.257e-06,2.5e-06,7.24e-06,5.39e-06,2.5e-06
5.443e-06,2.44e-06,7.52e-06,5.665e-06,3.01e-06
5.29e-06,2.56e-06,7.3e-06,5.395e-06,2.56e-06
1.8457e-05,3.16e-06,3.3451e-05,1.7766e-05,2.7751e-05
7.569e-06,1.98e-06,1.0771e-05,8.98e-06,4.74e-06
5.772e-06,2.11e-06,7.85e-06,6.086e-06,3.2e-06
5.35e-06,2.29e-06,7.41e-06,5.22e-06,3.11e-06
5.512e-06,2.431e-06,7.47e-06,5.78e-06,2.88e-06
5.329e-06,2.71e-06,7.271e-06,5.475e-06,2.71e-06
5.33e-06,2.54e-06,7.39e-06,5.415e-06,2.54e-06
5.407e-06,2.59e-06,7.46e-06,5.47e-06,2.74e-06
5.779e-06,2.16e-06,7.921e-06,5.965e-06,3.56e-06
5.613e-06,2.191e-06,7.59e-06,5.8e-06,3.39e-06
5.416e-06,2.47e-06,7.56e-06,5.715e-06,2.47e-06
5.336e-06,2.351e-06,7.63e-06,5.475e-06,2.351e-06
5.503e-06,2.56e-06,7.68e-06,5.5e-06,2.8e-06
5.296e-06,2.58e-06,7.16e-06,5.5e-06,2.58e-06
5.499e-06,2.52e-06,7.41e-06,5.69e-06,2.52e-06
5.363e-06,2.631e-06,7.301e-06,5.6e-06,2.631e-06
5.389e-06,2.54e-06,7.63e-06,5.615e-06,2.54e-06
5.811e-06,2.15e-06,7.91e-06,5.976e-06,3.36e-06
5.638e-06,2.62e-06,7.81e-06,5.71e-06,3.02e-06
5.63e-06,2.25e-06,7.86e-06,5.915e-06,3.051e-06
5.472e-06,2.59e-06,7.49e-06,5.631e-06,2.59e-06
5.606e-06,2.18e-06,7.75e-06,5.9e-06,3.11e-06
5.856e-06,2.35e-06,8.01e-06,6.28e-06,3.02e-06
5.32e-06,2.29e-06,7.35e-06,5.405e-06,2.29e-06
5.368e-06,2.49e-06,7.56e-06,5.37e-06,2.89e-06
5.706e-06,2.41e-06,7.71e-06,5.88e-06,2.93e-06
5.608e-06,2.25e-06,7.71e-06,5.625e-06,3.31e-06
5.463e-06,2.65e-06,7.63e-06,5.49e-06,2.71e-06
5.314e-06,2.42e-06,7.44e-06,5.15e-06,2.87e-06
5.46e-06,2.6e-06,7.58e-06,5.415e-06,3.1e-06
5.325e-06,2.65e-06,7.481e-06,5.345e-06,2.75e-06
5.54e-06,2.29e-06,7.61e-06,5.791e-06,3.07e-06
5.415e-06,2.53e-06,7.49e-06,5.595e-06,2.53e-06
5.649e-06,2.31e-06,7.8e-06,5.766e-06,3.17e-06
5.405e-06,2.51e-06,7.31e-06,5.48e-06,2.69e-06
5.642e-06,2.56e-06,7.75e-06,6.07e-06,2.78e-06
5.367e-06,2.49e-06,7.32e-06,5.45e-06,2.49e-06
5.41e-06,2.65e-06,7.36e-06,5.635e-06,2.65e-06
5.824e-06,2.54e-06,8.12e-06,6.246e-06,2.85e-06
5.597e-06,2.61e-06,7.74e-06,5.67e-06,2.99e-06
5.937e-06,2.42e-06,8.51e-06,5.865e-06,3.46e-06
5.391e-06,2.62e-06,7.26e-06,5.735e-06,2.62e-06
5.573e-06,2.17e-06,7.57e-06,5.621e-06,3.18e-06
5.316e-06,2.64e-06,7.46e-06,5.41e-06,2.64e-06
5.734e-06,2.07e-06,8e-06,5.86e-06,3.29e-06
5.226e-06,2.621e-06,7.04e-06,5.255e-06,2.64e-06
5.753e-06,2.34e-06,8.06e-06,6.22e-06,3.01e-06
5.654e-06,2.26e-06,7.8e-06,5.78e-06,3.14e-06
5.492e-06,2.3e-06,7.9e-06,5.56e-06,3.14e-06
5.359e-06,2.16e-06,7.48e-06,5.585e-06,2.16e-06
7.424e-06,2.38e-06,9.941e-06,8.14e-06,2.38e-06
5.548e-06,2.24e-06,7.61e-06,5.515e-06,3.08e-06
5.964e-06,2e-06,8.15e-06,6.3e-06,3.68e-06
5.406e-06,2.62e-06,7.58e-06,5.545e-06,2.62e-06
5.637e-06,2.43e-06,7.76e-06,5.775e-06,3.15e-06
5.468e-06,2.461e-06,7.35e-06,5.571e-06,3.18e-06
5.413e-06,2.56e-06,7.39e-06,5.305e-06,2.89e-06
5.477e-06,2.34e-06,7.71e-06,5.41e-06,2.94e-06
5.485e-06,2.33e-06,7.57e-06,5.71e-06,2.9e-06
5.376e-06,2.59e-06,7.44e-06,5.615e-06,2.59e-06
5.647e-06,2.56e-06,7.75e-06,5.685e-06,2.95e-06
5.322e-06,2.53e-06,7.41e-06,5.405e-06,2.89e-06
5.447e-06,2.44e-06,7.51e-06,5.641e-06,2.91e-06
5.465e-06,2.38e-06,7.64e-06,5.54e-06,2.97e-06
5.568e-06,2.44e-06,7.94e-06,5.87e-06,3e-06
5.535e-06,2.59e-06,7.7e-06,5.67e-06,2.71e-06
1.1096e-05,1.92e-06,1.7391e-05,1.118e-05,1.23e-05
5.673e-06,2.451e-06,7.68e-06,5.605e-06,2.451e-06
5.115e-06,2.6e-06,7.45e-06,4.98e-06,2.6e-06
5.448e-06,2.74e-06,7.57e-06,5.42e-06,2.93e-06
5.961e-06,2e-06,8.14e-06,6.275e-06,3.48e-06
5.849e-06,2.43e-06,7.94e-06,5.955e-06,3.441e-06
5.435e-06,2.63e-06,7.62e-06,5.485e-06,2.63e-06
5.316e-06,2.61e-06,7.51e-06,5.33e-06,2.67e-06
5.286e-06,2.29e-06,7.27e-06,5.405e-06,2.29e-06
5.376e-06,2.58e-06,7.51e-06,5.395e-06,2.69e-06
5.66e-06,2.36e-06,7.89e-06,5.86e-06,2.97e-06
5.427e-06,2.35e-06,7.55e-06,5.535e-06,2.35e-06
5.252e-06,2.66e-06,7.38e-06,5.135e-06,2.66e-06
5.771e-06,2.06e-06,7.88e-06,5.975e-06,3.41e-06
5.86e-06,2.031e-06,8.151e-06,6.135e-06,3.42e-06
5.52e-06,2.56e-06,7.61e-06,5.286e-06,2.88e-06
5.296e-06,2.36e-06,7.15e-06,5.56e-06,2.9e-06
5.386e-06,2.52e-06,7.27e-06,5.65e-06,2.69e-06
5.753e-06,2.09e-06,7.92e-06,5.95e-06,3.35e-06
5.69e-06,2.42e-06,7.82e-06,5.77e-06,3.07e-06
5.382e-06,2.7e-06,7.41e-06,5.46e-06,2.8e-06
5.413e-06,2.49e-06,7.591e-06,5.57e-06,2.84e-06
5.405e-06,2.43e-06,7.301e-06,5.56e-06,2.97e-06
5.397e-06,2.52e-06,7.56e-06,5.285e-06,2.86e-06
5.56e-06,2.33e-06,7.72e-06,5.84e-06,3e-06
5.331e-06,2.68e-06,7.35e-06,5.44e-06,2.7e-06
5.5e-06,2.28e-06,7.76e-06,5.56e-06,3.04e-06
5.236e-06,2.57e-06,7.31e-06,5.13e-06,2.72e-06
5.436e-06,2.47e-06,7.7e-06,5.535e-06,2.87e-06
5.622e-06,2.07e-06,7.641e-06,5.755e-06,3.28e-06
5.669e-06,2.35e-06,7.93e-06,5.776e-06,3.17e-06
6.218e-06,2.06e-06,8.79e-06,6.485e-06,3.74e-06
5.356e-06,2.21e-06,7.5e-06,5.48e-06,2.97e-06
5.464e-06,2.49e-06,7.57e-06,5.591e-06,2.86e-06
5.617e-06,2.5e-06,7.72e-06,5.87e-06,2.5e-06
5.428e-06,2.64e-06,7.56e-06,5.5e-06,2.9e-06
5.363e-06,2.61e-06,7.48e-06,5.31e-06,2.85e-06
5.565e-06,2.6e-06,7.68e-06,5.81e-06,2.6e-06
5.46e-06,2.65e-06,7.69e-06,5.5e-06,2.65e-06
5.292e-06,2.51e-06,7.28e-06,5.405e-06,2.51e-06
5.432e-06,2.35e-06,7.51e-06,5.51e-06,2.99e-06
5.612e-06,2.37e-06,7.76e-06,5.835e-06,2.92e-06
5.358e-06,2.66e-06,7.35e-06,5.241e-06,2.681e-06
5.348e-06,2.59e-06,7.531e-06,5.36e-06,2.59e-06
5.68e-06,2.69e-06,7.91e-06,6.005e-06,2.83e-06
5.563e-06,2.63e-06,7.86e-06,5.67e-06,2.63e-06
5.293e-06,2.61e-06,7.2e-06,5.595e-06,2.811e-06
5.414e-06,2.67e-06,7.57e-06,5.425e-06,2.67e-06
5.48e-06,2.39e-06,7.64e-06,5.295e-06,3.12e-06
5.481e-06,2.52e-06,7.67e-06,5.6e-06,2.78e-06
5.432e-06,2.36e-06,7.431e-06,5.43e-06,3e-06
5.343e-06,2.66e-06,7.43e-06,5.44e-06,2.68e-06
5.559e-06,2.4e-06,7.69e-06,5.775e-06,3.04e-06
5.544e-06,2.33e-06,7.64e-06,5.72e-06,2.95e-06
5.362e-06,2.73e-06,7.44e-06,5.365e-06,2.8e-06
5.345e-06,2.64e-06,7.53e-06,5.305e-06,2.75e-06
5.577e-06,2.34e-06,7.48e-06,5.775e-06,3e-06
5.428e-06,2.32e-06,7.57e-06,5.57e-06,2.89e-06
5.373e-06,2.42e-06,7.44e-06,5.425e-06,2.89e-06
5.38e-06,2.72e-06,7.47e-06,5.39e-06,2.83e-06
5.354e-06,2.34e-06,7.57e-06,5.625e-06,2.34e-06
5.332e-06,2.59e-06,7.5e-06,5.435e-06,2.71e-06
5.472e-06,2.52e-06,7.62e-06,5.55e-06,2.98e-06
5.362e-06,2.59e-06,7.33e-06,5.35e-06,2.59e-06
5.352e-06,2.34e-06,7.42e-06,5.515e-06,2.95e-06
5.314e-06,2.58e-06,7.24e-06,5.465e-06,2.58e-06
5.366e-06,2.53e-06,7.52e-06,5.51e-06,2.53e-06
5.301e-06,2.42e-06,7.29e-06,5.47e-06,2.42e-06
5.713e-06,2.3e-06,7.86e-06,5.975e-06,3.06e-06
5.364e-06,2.52e-06,7.42e-06,5.52e-06,2.8e-06
5.465e-06,2.39e-06,7.54e-06,5.58e-06,3.01e-06
5.452e-06,2.551e-06,7.49e-06,5.57e-06,2.74e-06
5.401e-06,2.72e-06,7.271e-06,5.515e-06,2.87e-06
5.54e-06,2.31e-06,7.72e-06,5.61e-06,3.04e-06
5.441e-06,2.7e-06,7.41e-06,5.72e-06,2.8e-06
5.497e-06,2.54e-06,7.72e-06,5.615e-06,2.851e-06
5.578e-06,2.49e-06,7.56e-06,5.93e-06,3e-06
5.339e-06,2.51e-06,7.41e-06,5.6e-06,2.51e-06
5.724e-06,2.3e-06,8.02e-06,5.98e-06,3.08e-06
5.352e-06,2.56e-06,7.42e-06,5.35e-06,2.78e-06
5.542e-06,2.26e-06,7.72e-06,5.78e-06,3.03e-06
5.464e-06,2.45e-06,7.45e-06,5.54e-06,2.89e-06
5.602e-06,2.15e-06,7.81e-06,5.751e-06,3.21e-06
5.611e-06,2.59e-06,7.81e-06,5.86e-06,2.75e-06
5.277e-06,2.35e-06,7.2e-06,5.405e-06,2.35e-06
5.675e-06,2.32e-06,7.731e-06,5.91e-06,3.19e-06
5.423e-06,2.7e-06,7.37e-06,5.595e-06,2.7e-06
5.622e-06,2.33e-06,7.821e-06,5.8e-06,2.99e-06
5.485e-06,2.36e-06,7.63e-06,5.635e-06,2.96e-06
5.587e-06,2.51e-06,7.65e-06,5.765e-06,2.9e-06
5.393e-06,2.69e-06,7.38e-06,5.465e-06,2.79e-06
5.645e-06,2.27e-06,7.91e-06,5.79e-06,3.2e-06
5.528e-06,2.24e-06,7.7e-06,5.85e-06,3.12e-06
5.244e-06,2.5e-06,7.31e-06,5.39e-06,2.5e-06
5.508e-06,2.36e-06,7.56e-06,5.57e-06,3.08e-06
5.384e-06,2.75e-06,7.54e-06,5.39e-06,2.75e-06
5.263e-06,2.55e-06,7.22e-06,5.361e-06,2.77e-06
5.596e-06,2.4e-06,7.92e-06,5.845e-06,2.95e-06
5.418e-06,2.8e-06,7.45e-06,5.42e-06,2.8e-06
6.732e-06,2.31e-06,1.454e-05,6.715e-06,3.09e-06
5.25e-06,2.77e-06,7.23e-06,5.345e-06,3.19e-06
5.402e-06,1.86e-06,7.13e-06,5.145e-06,1.86e-06
5.46e-06,2.59e-06,7.52e-06,5.405e-06,2.88e-06
5.746e-06,2.47e-06,7.95e-06,5.98e-06,2.901e-06
5.46e-06,2.57e-06,7.58e-06,5.325e-06,2.95e-06
5.439e-06,2.42e-06,7.35e-06,5.63e-06,2.98e-06
5.406e-06,2.61e-06,7.66e-06,5.385e-06,2.62e-06
5.202e-06,2.62e-06,7.35e-06,5.135e-06,2.62e-06
5.461e-06,2.67e-06,7.681e-06,5.62e-06,2.67e-06
5.54e-06,2.4e-06,7.741e-06,5.526e-06,2.92e-06
5.299e-06,2.54e-06,7.5e-06,5.36e-06,2.83e-06
5.372e-06,2.31e-06,7.47e-06,5.54e-06,2.31e-06
5.265e-06,2.62e-06,7.12e-06,5.36e-06,2.73e-06
5.657e-06,2.32e-06,7.79e-06,5.95e-06,3.04e-06
5.79e-06,2.21e-06,7.97e-06,5.935e-06,3.3e-06
5.539e-06,2.52e-06,7.76e-06,5.62e-06,2.95e-06
5.325e-06,2.6e-06,7.3e-06,5.565e-06,2.8e-06
5.621e-06,2.051e-06,7.7e-06,5.855e-06,3.2e-06
5.781e-06,2.27e-06,8.13e-06,5.981e-06,3.05e-06
6.404e-06,2.75e-06,1.6951e-05,5.52e-06,2.78e-06
6.496e-06,2.15e-06,1.036e-05,6.5e-06,4.09e-06
5.384e-06,2.65e-06,7.43e-06,5.355e-06,2.78e-06
5.439e-06,2.39e-06,7.521e-06,5.485e-06,3.01e-06
5.461e-06,2.52e-06,7.58e-06,5.455e-06,2.911e-06
5.772e-06,2.34e-06,8.06e-06,5.99e-06,3.08e-06
5.304e-06,2.62e-06,7.38e-06,5.385e-06,2.68e-06
5.389e-06,2.6e-06,7.59e-06,5.415e-06,2.81e-06
5.679e-06,2.47e-06,7.91e-06,5.96e-06,2.851e-06
5.438e-06,2.5e-06,7.4e-06,5.625e-06,2.84e-06
5.392e-06,2.65e-06,7.49e-06,5.495e-06,2.67e-06
5.404e-06,2.61e-06,7.54e-06,5.4e-06,2.78e-06
5.806e-06,2.51e-06,8.1e-06,6.135e-06,3.04e-06
5.581e-06,2.25e-06,7.73e-06,5.83e-06,3.11e-06
5.459e-06,2.54e-06,7.331e-06,5.825e-06,2.82e-06
5.63e-06,2.45e-06,7.82e-06,5.955e-06,3.08e-06
5.813e-06,2.15e-06,8.01e-06,6.126e-06,3.17e-06
5.392e-06,2.45e-06,7.26e-06,5.67e-06,2.91e-06
5.319e-06,2.631e-06,7.41e-06,5.39e-06,2.64e-06
5.264e-06,2.64e-06,7.3e-06,5.235e-06,2.65e-06
5.334e-06,2.48e-06,7.36e-06,5.425e-06,2.9e-06
5.712e-06,2.19e-06,7.78e-06,6.035e-06,3.26e-06
5.472e-06,2.49e-06,7.61e-06,5.615e-06,2.82e-06
5.442e-06,2.64e-06,7.68e-06,5.475e-06,2.91e-06
5.281e-06,2.46e-06,7.39e-06,5.52e-06,2.46e-06
5.306e-06,2.54e-06,7.25e-06,5.401e-06,2.79e-06
5.377e-06,2.65e-06,7.34e-06,5.475e-06,2.65e-06
5.528e-06,2.57e-06,7.63e-06,5.595e-06,2.82e-06
5.412e-06,2.74e-06,7.65e-06,5.42e-06,2.75e-06
5.627e-06,2.37e-06,7.71e-06,5.845e-06,3.2e-06
5.532e-06,2.19e-06,7.38e-06,5.935e-06,3.09e-06
5.473e-06,2.39e-06,7.65e-06,5.565e-06,3.01e-06
5.346e-06,2.41e-06,7.401e-06,5.37e-06,2.85e-06
5.478e-06,2.58e-06,7.59e-06,5.605e-06,2.67e-06
5.401e-06,2.75e-06,7.61e-06,5.451e-06,2.84e-06
5.623e-06,2.42e-06,7.85e-06,5.765e-06,2.98e-06
5.562e-06,2.61e-06,7.61e-06,5.81e-06,2.61e-06
5.365e-06,2.67e-06,7.36e-06,5.605e-06,2.67e-06
5.398e-06,2.57e-06,7.25e-06,5.585e-06,2.85e-06
5.355e-06,2.58e-06,7.5e-06,5.405e-06,2.58e-06
5.389e-06,2.55e-06,7.56e-06,5.6e-06,2.73e-06
5.328e-06,2.62e-06,7.35e-06,5.455e-06,2.681e-06
5.597e-06,2.31e-06,7.83e-06,5.791e-06,2.96e-06
5.292e-06,2.65e-06,7.14e-06,5.435e-06,2.65e-06
5.811e-06,2.08e-06,8.15e-06,6.125e-06,3.4e-06
5.623e-06,2.21e-06,7.56e-06,6.015e-06,3.051e-06
5.586e-06,2.38e-06,7.8e-06,5.885e-06,2.92e-06
5.791e-06,2.14e-06,8.131e-06,5.945e-06,3.48e-06
5.543e-06,2.46e-06,7.62e-06,5.605e-06,3.04e-06
5.408e-06,2.481e-06,7.38e-06,5.56e-06,2.78e-06
5.592e-06,2.31e-06,7.69e-06,5.75e-06,3.03e-06
5.518e-06,2.32e-06,7.72e-06,5.705e-06,2.99e-06
5.428e-06,2.75e-06,7.5e-06,5.525e-06,2.75e-06
5.511e-06,2.26e-06,7.72e-06,5.615e-06,3.08e-06
5.381e-06,2.76e-06,7.271e-06,5.475e-06,2.77e-06
5.238e-06,2.44e-06,7.05e-06,5.44e-06,2.44e-06
5.46e-06,2.56e-06,7.55e-06,5.541e-06,2.72e-06
5.625e-06,2.21e-06,7.77e-06,5.745e-06,3.13e-06
5.583e-06,2.17e-06,7.64e-06,5.7e-06,3.15e-06
5.503e-06,2.5e-06,7.59e-06,5.685e-06,2.93e-06
6.034e-06,2.07e-06,8.36e-06,6.385e-06,3.69e-06
7.595e-06,1.95e-06,1.0261e-05,8.48e-06,5.47e-06
5.624e-06,2.22e-06,7.65e-06,5.915e-06,3.17e-06
5.603e-06,2.07e-06,7.89e-06,5.815e-06,3.35e-06
5.378e-06,2.49e-06,7.38e-06,5.345e-06,2.81e-06
5.759e-06,2.49e-06,8.03e-06,5.69e-06,3.2e-06
5.429e-06,2.23e-06,7.39e-06,5.59e-06,3.12e-06
5.485e-06,2.7e-06,7.66e-06,5.46e-06,2.7e-06
5.526e-06,2.5e-06,7.68e-06,5.655e-06,2.94e-06
5.672e-06,2.15e-06,7.82e-06,5.845e-06,3.23e-06
5.521e-06,2.33e-06,7.471e-06,5.67e-06,3.06e-06
5.437e-06,2.39e-06,7.46e-06,5.4e-06,3.02e-06
5.41e-06,2.43e-06,7.45e-06,5.515e-06,2.81e-06
5.142e-06,2.21e-06,7.04e-06,5.105e-06,2.21e-06
5.475e-06,2.37e-06,7.66e-06,5.421e-06,3.01e-06
5.294e-06,2.69e-06,7.31e-06,5.165e-06,2.74e-06
5.584e-06,2.27e-06,7.63e-06,5.63e-06,3.09e-06
5.375e-06,2.57e-06,7.37e-06,5.55e-06,2.87e-06
5.587e-06,2.28e-06,7.73e-06,5.97e-06,3.03e-06
5.885e-06,2.28e-06,8.15e-06,6.09e-06,3.61e-06
5.426e-06,2.57e-06,7.7e-06,5.601e-06,2.67e-06
5.34e-06,2.56e-06,7.21e-06,5.575e-06,2.74e-06
5.792e-06,2.1e-06,8.26e-06,5.985e-06,3.28e-06
5.33e-06,2.76e-06,7.261e-06,5.42e-06,2.81e-06
5.38e-06,2.31e-06,7.6e-06,5.505e-06,2.31e-06
5.244e-06,2.74e-06,7.07e-06,5.375e-06,2.74e-06
5.306e-06,2.57e-06,7.44e-06,5.3e-06,2.57e-06
5.4e-06,2.56e-06,7.48e-06,5.586e-06,2.56e-06
5.491e-06,2.4e-06,7.54e-06,5.595e-06,2.86e-06
5.425e-06,2.56e-06,7.51e-06,5.46e-06,2.76e-06
5.356e-06,2.62e-06,7.43e-06,5.43e-06,2.891e-06
5.511e-06,2.45e-06,7.62e-06,5.57e-06,2.84e-06
5.298e-06,2.52e-06,7.52e-06,5.085e-06,2.52e-06
5.266e-06,2.6e-06,7.14e-06,5.405e-06,2.72e-06
5.307e-06,2.43e-06,7.35e-06,5.37e-06,2.73e-06
5.428e-06,2.39e-06,7.56e-06,5.52e-06,2.97e-06
5.354e-06,2.65e-06,7.68e-06,5.46e-06,2.65e-06
6.05e-06,2.05e-06,8.24e-06,6.395e-06,3.66e-06
5.288e-06,2.58e-06,7.21e-06,5.285e-06,2.58e-06
5.446e-06,2.44e-06,7.56e-06,5.555e-06,2.91e-06
5.586e-06,2.16e-06,7.83e-06,5.695e-06,3.16e-06
5.466e-06,2.63e-06,7.86e-06,5.606e-06,2.71e-06
5.455e-06,2.73e-06,7.62e-06,5.63e-06,2.73e-06
5.318e-06,2.41e-06,7.49e-06,5.405e-06,2.89e-06
5.63e-06,2.35e-06,7.88e-06,5.95e-06,3.01e-06
5.35e-06,2.64e-06,7.371e-06,5.52e-06,2.64e-06
5.395e-06,2.5e-06,7.53e-06,5.62e-06,2.5e-06
5.188e-06,2.55e-06,7.32e-06,5.135e-06,2.55e-06
5.367e-06,2.69e-06,7.42e-06,5.421e-06,2.88e-06
5.481e-06,2.17e-06,7.66e-06,5.685e-06,3.11e-06
5.406e-06,2.58e-06,7.34e-06,5.71e-06,2.8e-06
5.185e-06,2.39e-06,7.18e-06,5.16e-06,2.39e-06
5.424e-06,2.42e-06,7.55e-06,5.38e-06,2.86e-06
5.395e-06,2.63e-06,7.41e-06,5.545e-06,2.98e-06
5.368e-06,2.64e-06,7.54e-06,5.325e-06,2.64e-06
5.304e-06,2.8e-06,7.5e-06,5.255e-06,2.85e-06
5.724e-06,2.35e-06,7.821e-06,5.98e-06,3.31e-06
5.378e-06,2.54e-06,7.5e-06,5.44e-06,2.54e-06
5.302e-06,2.39e-06,7.45e-06,5.395e-06,2.39e-06
5.288e-06,2.63e-06,7.36e-06,5.365e-06,2.781e-06
5.375e-06,2.66e-06,7.461e-06,5.4e-06,2.86e-06
5.217e-06,2.61e-06,7.33e-06,5.105e-06,2.65e-06
5.251e-06,2.57e-06,7.47e-06,5.185e-06,2.64e-06
5.141e-06,2.32e-06,7.261e-06,5.41e-06,2.32e-06
5.402e-06,2.75e-06,7.48e-06,5.345e-06,2.75e-06
5.239e-06,2.58e-06,7.23e-06,5.095e-06,2.58e-06
5.46e-06,2.48e-06,7.62e-06,5.61e-06,2.9e-06
5.414e-06,2.73e-06,7.531e-06,5.58e-06,2.73e-06
5.284e-06,2.5e-06,7.46e-06,5.26e-06,2.71e-06
5.409e-06,2.48e-06,7.4e-06,5.56e-06,2.86e-06
5.724e-06,2.08e-06,7.85e-06,5.995e-06,3.3e-06
5.226e-06,2.68e-06,7.34e-06,5.325e-06,2.68e-06
5.682e-06,2.161e-06,7.88e-06,5.89e-06,3.2e-06
5.444e-06,2.65e-06,7.61e-06,5.735e-06,2.65e-06
5.411e-06,2.56e-06,7.39e-06,5.54e-06,2.82e-06
5.395e-06,2.42e-06,7.54e-06,5.535e-06,2.42e-06
5.632e-06,2.13e-06,7.73e-06,5.765e-06,3.21e-06
5.333e-06,2.52e-06,7.39e-06,5.345e-06,2.82e-06
5.248e-06,2.51e-06,7.07e-06,5.46e-06,2.77e-06
5.417e-06,2.33e-06,7.52e-06,5.495e-06,2.91e-06
5.506e-06,2.25e-06,7.63e-06,5.69e-06,2.98e-06
5.307e-06,2.56e-06,7.32e-06,5.435e-06,2.69e-06
5.274e-06,2.53e-06,7.251e-06,5.385e-06,2.53e-06
5.322e-06,2.75e-06,7.5e-06,5.22e-06,2.75e-06
5.361e-06,2.64e-06,7.45e-06,5.405e-06,2.77e-06
5.475e-06,2.19e-06,7.62e-06,5.58e-06,3.13e-06
5.455e-06,2.53e-06,7.4e-06,5.73e-06,2.81e-06
5.374e-06,2.55e-06,7.52e-06,5.435e-06,2.55e-06
5.33e-06,2.53e-06,7.44e-06,5.38e-06,2.731e-06
5.258e-06,2.62e-06,7.07e-06,5.44e-06,2.74e-06
5.636e-06,2.08e-06,7.88e-06,5.79e-06,3.25e-06
5.334e-06,2.43e-06,7.44e-06,5.435e-06,2.43e-06
5.554e-06,2.21e-06,7.72e-06,5.68e-06,3e-06
5.415e-06,2.41e-06,7.58e-06,5.42e-06,2.9e-06
5.433e-06,2.62e-06,7.56e-06,5.675e-06,2.62e-06
5.259e-06,2.42e-06,7.42e-06,5.275e-06,2.42e-06
5.356e-06,2.7e-06,7.48e-06,5.43e-06,2.73e-06
5.373e-06,2.66e-06,7.63e-06,5.51e-06,2.71e-06
5.486e-06,2.441e-06,7.59e-06,5.69e-06,2.96e-06
5.424e-06,2.55e-06,7.55e-06,5.595e-06,2.88e-06
5.414e-06,2.55e-06,7.68e-06,5.63e-06,2.55e-06
5.674e-06,2.41e-06,7.81e-06,5.906e-06,3.16e-06
5.341e-06,2.51e-06,7.38e-06,5.385e-06,2.51e-06
5.293e-06,2.42e-06,7.29e-06,5.21e-06,2.8e-06
5.354e-06,2.56e-06,7.451e-06,5.3e-06,2.78e-06
5.676e-06,2.13e-06,7.78e-06,5.915e-06,3.23e-06
5.559e-06,2.27e-06,7.57e-06,5.86e-06,3.13e-06
5.399e-06,2.67e-06,7.55e-06,5.5e-06,2.82e-06
5.393e-06,2.58e-06,7.55e-06,5.38e-06,2.58e-06
5.354e-06,2.56e-06,7.52e-06,5.526e-06,2.77e-06
5.456e-06,2.56e-06,7.5e-06,5.66e-06,2.75e-06
5.304e-06,2.52e-06,7.32e-06,5.28e-06,2.79e-06
5.669e-06,2.2e-06,7.62e-06,5.975e-06,3.18e-06
5.271e-06,2.28e-06,7.26e-06,5.545e-06,2.28e-06
5.577e-06,2.61e-06,7.47e-06,6.225e-06,2.61e-06
5.455e-06,2.31e-06,7.99e-06,5.905e-06,4.2e-06
5.303e-06,2.42e-06,7.22e-06,5.54e-06,2.42e-06
5.645e-06,2.65e-06,7.94e-06,5.93e-06,2.71e-06
5.513e-06,2.56e-06,7.53e-06,5.655e-06,2.56e-06
5.206e-06,2.53e-06,6.91e-06,5.34e-06,2.53e-06
5.393e-06,2.77e-06,7.4e-06,5.4e-06,2.79e-06
5.516e-06,2.28e-06,7.71e-06,5.69e-06,3.041e-06
5.401e-06,2.57e-06,7.51e-06,5.51e-06,2.75e-06
5.555e-06,2.74e-06,7.791e-06,5.765e-06,2.77e-06
5.693e-06,2.061e-06,7.9e-06,5.955e-06,3.38e-06
5.346e-06,2.66e-06,7.39e-06,5.48e-06,2.66e-06
5.394e-06,2.55e-06,7.491e-06,5.39e-06,2.82e-06
5.639e-06,2.14e-06,7.81e-06,5.795e-06,3.18e-06
5.455e-06,2.36e-06,7.62e-06,5.675e-06,3e-06
5.412e-06,2.55e-06,7.42e-06,5.556e-06,2.96e-06
5.543e-06,2.14e-06,7.71e-06,5.745e-06,3.21e-06
5.47e-06,2.69e-06,7.65e-06,5.61e-06,2.74e-06
5.32e-06,2.53e-06,7.29e-06,5.455e-06,2.53e-06
5.098e-06,2.48e-06,7.01e-06,4.845e-06,2.48e-06
5.446e-06,2.59e-06,7.55e-06,5.655e-06,2.65e-06
5.665e-06,2.23e-06,7.86e-06,5.865e-06,3.27e-06
5.401e-06,2.63e-06,7.53e-06,5.496e-06,2.63e-06
5.44e-06,2.5e-06,7.62e-06,5.67e-06,2.5e-06
5.528e-06,2.28e-06,7.61e-06,5.62e-06,3.04e-06
5.623e-06,2.16e-06,7.82e-06,5.725e-06,3.24e-06
5.273e-06,2.53e-06,7.39e-06,5.245e-06,2.71e-06
5.253e-06,2.62e-06,7.24e-06,5.475e-06,2.62e-06
5.547e-06,2.25e-06,7.73e-06,5.665e-06,3.09e-06
5.706e-06,2.06e-06,7.82e-06,5.85e-06,3.39e-06
5.222e-06,2.25e-06,7.41e-06,5.24e-06,2.25e-06
5.451e-06,2.31e-06,7.6e-06,5.525e-06,2.94e-06
5.296e-06,2.42e-06,7.23e-06,5.395e-06,2.87e-06
5.356e-06,2.69e-06,7.38e-06,5.435e-06,2.8e-06
5.356e-06,2.59e-06,7.451e-06,5.5e-06,2.71e-06
5.294e-06,2.56e-06,7.36e-06,5.275e-06,2.77e-06
5.354e-06,2.45e-06,7.42e-06,5.551e-06,2.45e-06
5.388e-06,2.64e-06,7.62e-06,5.25e-06,2.64e-06
5.228e-06,2.59e-06,7.19e-06,5.225e-06,2.59e-06
5.559e-06,2.2e-06,7.64e-06,5.795e-06,3.1e-06
5.732e-06,2.12e-06,7.78e-06,5.906e-06,3.261e-06
5.464e-06,2.17e-06,7.671e-06,5.465e-06,3.17e-06
5.424e-06,2.56e-06,7.63e-06,5.54e-06,2.56e-06
5.397e-06,2.58e-06,7.36e-06,5.566e-06,2.87e-06
5.282e-06,2.32e-06,7.33e-06,5.405e-06,2.32e-06
5.466e-06,2.2e-06,7.46e-06,5.49e-06,3.05e-06
5.291e-06,2.63e-06,7.17e-06,5.335e-06,2.74e-06
5.314e-06,2.64e-06,7.3e-06,5.385e-06,2.64e-06
5.286e-06,2.53e-06,7.36e-06,5.31e-06,2.53e-06
5.406e-06,2.55e-06,7.48e-06,5.531e-06,2.78e-06
5.557e-06,2.5e-06,7.6e-06,5.695e-06,2.89e-06
5.413e-06,2.68e-06,7.57e-06,5.49e-06,2.88e-06
5.28e-06,2.33e-06,7.42e-06,5.3e-06,2.33e-06
5.388e-06,2.66e-06,7.52e-06,5.39e-06,2.76e-06
5.597e-06,2.48e-06,7.74e-06,5.64e-06,3.05e-06
5.413e-06,2.63e-06,7.47e-06,5.525e-06,2.81e-06
5.24e-06,2.47e-06,7.301e-06,5.11e-06,2.85e-06
5.37e-06,2.63e-06,7.62e-06,5.411e-06,2.72e-06
5.327e-06,2.46e-06,7.45e-06,5.446e-06,2.81e-06
5.304e-06,2.56e-06,7.31e-06,5.355e-06,2.79e-06
5.624e-06,2.24e-06,8.52e-06,5.565e-06,3.05e-06
5.361e-06,2.43e-06,7.69e-06,5.5e-06,2.82e-06
5.72e-06,2.351e-06,8e-06,5.905e-06,3.15e-06
5.261e-06,2.56e-06,7.16e-06,5.38e-06,2.75e-06
5.409e-06,2.6e-06,7.45e-06,5.566e-06,2.72e-06
5.65e-06,2.6e-06,7.87e-06,5.68e-06,3.141e-06
5.352e-06,2.64e-06,7.54e-06,5.35e-06,2.66e-06
5.207e-06,2.57e-06,7.06e-06,5.27e-06,2.57e-06
5.333e-06,2.37e-06,7.32e-06,5.535e-06,2.37e-06
5.4e-06,2.58e-06,7.35e-06,5.39e-06,2.721e-06
5.442e-06,2.58e-06,7.4e-06,5.595e-06,2.58e-06
5.29e-06,2.65e-06,7.291e-06,5.31e-06,2.68e-06
5.389e-06,2.27e-06,7.47e-06,5.3e-06,2.98e-06
5.49e-06,2.35e-06,7.68e-06,5.54e-06,3.08e-06
6.947e-06,4.11e-06,8.391e-06,7.65e-06,4.74e-06
6.433e-06,2.3e-06,8.77e-06,6.675e-06,3.73e-06
5.499e-06,2.3e-06,7.48e-06,5.655e-06,3.02e-06
5.521e-06,2.49e-06,7.57e-06,5.485e-06,2.82e-06
5.153e-06,2.59e-06,7.14e-06,4.885e-06,2.59e-06
5.522e-06,2.34e-06,7.72e-06,5.75e-06,3e-06
5.411e-06,2.52e-06,7.5e-06,5.53e-06,2.83e-06
5.376e-06,2.55e-06,7.5e-06,5.42e-06,2.55e-06
5.404e-06,2.82e-06,7.38e-06,5.425e-06,2.92e-06
5.345e-06,2.52e-06,7.42e-06,5.44e-06,2.83e-06
5.487e-06,2.44e-06,7.63e-06,5.62e-06,2.95e-06
5.541e-06,2.29e-06,7.54e-06,5.776e-06,3.01e-06
5.353e-06,2.68e-06,7.63e-06,5.49e-06,2.68e-06
5.449e-06,2.35e-06,7.58e-06,5.71e-06,2.93e-06
5.57e-06,2.13e-06,7.71e-06,5.715e-06,3.03e-06
5.336e-06,2.49e-06,7.22e-06,5.415e-06,2.87e-06
5.384e-06,2.38e-06,7.45e-06,5.5e-06,2.38e-06
5.546e-06,2.18e-06,7.68e-06,5.65e-06,3.12e-06
5.309e-06,2.71e-06,7.16e-06,5.365e-06,2.71e-06
5.358e-06,2.5e-06,7.41e-06,5.365e-06,2.87e-06
5.292e-06,2.53e-06,7.53e-06,5.195e-06,2.81e-06
5.415e-06,2.53e-06,7.57e-06,5.46e-06,2.83e-06
5.543e-06,2.26e-06,7.71e-06,5.495e-06,3.15e-06
5.314e-06,2.5e-06,7.29e-06,5.31e-06,2.9e-06
5.53e-06,2.34e-06,7.65e-06,5.645e-06,2.98e-06
5.567e-06,2.41e-06,7.79e-06,5.721e-06,2.9e-06
5.416e-06,2.56e-06,7.541e-06,5.5e-06,2.76e-06
5.395e-06,2.5e-06,7.55e-06,5.415e-06,2.9e-06
5.368e-06,2.381e-06,7.47e-06,5.44e-06,2.381e-06
5.275e-06,2.4e-06,7.22e-06,5.145e-06,2.4e-06
5.712e-06,2.19e-06,7.91e-06,5.595e-06,3.45e-06
5.582e-06,2.24e-06,7.75e-06,5.725e-06,3.14e-06
5.375e-06,2.451e-06,7.46e-06,5.575e-06,2.451e-06
5.295e-06,2.56e-06,7.241e-06,5.49e-06,2.76e-06
5.47e-06,2.57e-06,7.57e-06,5.735e-06,2.57e-06
5.847e-06,2.23e-06,8.02e-06,6.025e-06,3.6e-06
5.603e-06,2.32e-06,7.82e-06,5.825e-06,2.95e-06
5.38e-06,2.54e-06,7.62e-06,5.58e-06,2.84e-06
5.372e-06,2.53e-06,7.35e-06,5.586e-06,2.84e-06
5.519e-06,2.6e-06,7.66e-06,5.746e-06,2.83e-06
5.465e-06,2.31e-06,7.48e-06,5.54e-06,2.98e-06
5.214e-06,2.51e-06,7.25e-06,5.305e-06,2.51e-06
5.238e-06,2.52e-06,7.36e-06,5.135e-06,2.73e-06
5.362e-06,2.58e-06,7.4e-06,5.36e-06,2.58e-06
5.68e-06,2.19e-06,7.89e-06,5.86e-06,3.41e-06
5.554e-06,2.461e-06,7.68e-06,5.69e-06,2.88e-06
5.389e-06,2.7e-06,7.52e-06,5.396e-06,2.7e-06
5.637e-06,2.18e-06,7.78e-06,5.866e-06,3.18e-06
5.332e-06,2.35e-06,7.481e-06,5.485e-06,2.35e-06
5.345e-06,2.45e-06,7.44e-06,5.375e-06,2.81e-06
5.323e-06,2.66e-06,7.45e-06,5.545e-06,2.66e-06
5.353e-06,2.29e-06,7.56e-06,5.425e-06,2.29e-06
5.625e-06,2.17e-06,8.01e-06,5.765e-06,3.17e-06
5.439e-06,2.49e-06,7.65e-06,5.535e-06,2.83e-06
5.289e-06,2.47e-06,7.15e-06,5.435e-06,2.78e-06
5.423e-06,2.56e-06,7.591e-06,5.335e-06,2.79e-06
5.551e-06,2.55e-06,7.75e-06,5.736e-06,2.55e-06
5.545e-06,2.17e-06,7.52e-06,5.705e-06,3.09e-06
5.356e-06,2.62e-06,7.34e-06,5.27e-06,2.71e-06
5.657e-06,2.26e-06,7.89e-06,5.905e-06,3.1e-06
5.372e-06,2.61e-06,7.31e-06,5.53e-06,2.61e-06
5.462e-06,2.38e-06,7.65e-06,5.555e-06,2.87e-06
5.662e-06,2.29e-06,7.661e-06,5.925e-06,3.24e-06
5.347e-06,2.63e-06,7.38e-06,5.44e-06,2.63e-06
5.322e-06,2.54e-06,7.38e-06,5.425e-06,2.54e-06
5.439e-06,2.34e-06,7.46e-06,5.51e-06,2.961e-06
5.42e-06,2.57e-06,7.52e-06,5.61e-06,2.71e-06
5.416e-06,2.53e-06,7.41e-06,5.481e-06,2.84e-06
5.437e-06,2.64e-06,7.55e-06,5.555e-06,2.68e-06
5.313e-06,2.61e-06,7.28e-06,5.45e-06,2.74e-06
5.43e-06,2.54e-06,7.341e-06,5.535e-06,2.7e-06
5.75e-06,2.271e-06,8.08e-06,5.9e-06,3.14e-06
5.326e-06,2.47e-06,7.27e-06,5.29e-06,2.84e-06
5.373e-06,2.72e-06,7.37e-06,5.46e-06,2.72e-06
5.414e-06,2.39e-06,7.26e-06,5.446e-06,2.89e-06
5.36e-06,2.45e-06,7.55e-06,5.265e-06,2.87e-06
5.245e-06,2.57e-06,7.09e-06,5.28e-06,2.73e-06
5.472e-06,2.51e-06,7.521e-06,5.6e-06,2.81e-06
5.239e-06,2.61e-06,7.12e-06,5.275e-06,2.61e-06
5.479e-06,2.37e-06,7.49e-06,5.675e-06,3e-06
5.438e-06,2.64e-06,7.48e-06,5.62e-06,2.64e-06
5.413e-06,2.58e-06,7.57e-06,5.651e-06,2.8e-06
5.662e-06,2.51e-06,7.89e-06,5.92e-06,2.8e-06
5.307e-06,2.62e-06,7.44e-06,5.315e-06,2.77e-06
6.699e-06,4.18e-06,1.057e-05,6.22e-06,6.08e-06
5.217e-06,2.8e-06,8.06e-06,5.39e-06,2.8e-06
5.403e-06,2.52e-06,7.52e-06,5.515e-06,2.8e-06
5.63e-06,2.38e-06,7.73e-06,5.555e-06,3.12e-06
5.327e-06,2.61e-06,7.17e-06,5.415e-06,2.67e-06
5.379e-06,2.42e-06,7.47e-06,5.395e-06,2.88e-06
5.465e-06,2.62e-06,7.5e-06,5.675e-06,2.97e-06
5.508e-06,2.56e-06,7.51e-06,5.615e-06,2.56e-06
5.273e-06,2.52e-06,7.301e-06,5.236e-06,2.52e-06
5.249e-06,2.6e-06,7.06e-06,5.515e-06,2.72e-06
5.56e-06,2.23e-06,7.68e-06,5.78e-06,3.11e-06
5.393e-06,2.51e-06,7.53e-06,5.465e-06,2.89e-06
5.357e-06,2.47e-06,7.55e-06,5.295e-06,2.79e-06
5.552e-06,2.291e-06,7.62e-06,5.62e-06,2.91e-06
5.294e-06,2.591e-06,7.22e-06,5.42e-06,2.591e-06
5.431e-06,2.34e-06,7.631e-06,5.605e-06,2.34e-06
5.413e-06,2.63e-06,7.67e-06,5.605e-06,2.63e-06
5.357e-06,2.51e-06,7.53e-06,5.606e-06,2.81e-06
5.457e-06,2.34e-06,7.4e-06,5.695e-06,2.931e-06
5.64e-06,2.12e-06,7.75e-06,5.585e-06,3.4e-06
5.379e-06,2.46e-06,7.57e-06,5.46e-06,2.79e-06
5.351e-06,2.25e-06,7.41e-06,5.41e-06,2.25e-06
5.431e-06,2.64e-06,7.68e-06,5.395e-06,2.71e-06
5.642e-06,2.2e-06,7.73e-06,5.81e-06,3.26e-06
5.219e-06,2.5e-06,7.21e-06,5.195e-06,2.5e-06
5.239e-06,2.5e-06,7.26e-06,5.11e-06,2.5e-06
5.394e-06,2.77e-06,7.4e-06,5.41e-06,2.86e-06
5.525e-06,2.65e-06,7.49e-06,5.645e-06,3.06e-06
5.367e-06,2.5e-06,7.41e-06,5.355e-06,2.5e-06
5.646e-06,2.36e-06,7.77e-06,5.905e-06,2.91e-06
5.3e-06,2.3e-06,7.441e-06,5.515e-06,2.3e-06
5.329e-06,2.51e-06,7.45e-06,5.425e-06,2.69e-06
5.833e-06,2.04e-06,8.14e-06,6.175e-06,3.41e-06
5.328e-06,2.59e-06,7.32e-06,5.5e-06,2.59e-06
5.433e-06,2.24e-06,7.56e-06,5.835e-06,2.24e-06
5.392e-06,2.59e-06,7.52e-06,5.381e-06,2.59e-06
6.123e-06,2.06e-06,8.54e-06,6.655e-06,3.64e-06
5.634e-06,2.26e-06,7.721e-06,5.915e-06,3.05e-06
5.714e-06,2.12e-06,7.9e-06,5.79e-06,3.18e-06
5.28e-06,2.51e-06,7.19e-06,5.215e-06,2.69e-06
5.345e-06,2.42e-06,7.45e-06,5.47e-06,2.42e-06
5.343e-06,2.68e-06,7.33e-06,5.47e-06,2.75e-06
5.47e-06,2.35e-06,7.62e-06,5.535e-06,2.96e-06
5.35e-06,2.47e-06,7.49e-06,5.315e-06,2.9e-06
5.754e-06,2.02e-06,7.89e-06,6.136e-06,3.22e-06
5.245e-06,2.33e-06,7.26e-06,5.215e-06,2.33e-06
5.323e-06,2.6e-06,7.45e-06,5.37e-06,2.81e-06
5.402e-06,2.61e-06,7.6e-06,5.47e-06,2.691e-06
5.516e-06,2.42e-06,7.42e-06,5.745e-06,2.85e-06
5.564e-06,2.6e-06,7.59e-06,5.921e-06,2.6e-06
5.992e-06,1.94e-06,8.27e-06,6.08e-06,3.82e-06
5.787e-06,2.37e-06,7.87e-06,6.115e-06,3.581e-06
5.381e-06,2.43e-06,7.59e-06,5.475e-06,2.85e-06
5.31e-06,2.43e-06,7.35e-06,5.245e-06,2.83e-06
5.211e-06,2.52e-06,7.2e-06,5.37e-06,2.52e-06
5.422e-06,2.33e-06,7.54e-06,5.44e-06,2.91e-06
5.421e-06,2.29e-06,7.54e-06,5.501e-06,2.98e-06
5.516e-06,2.65e-06,7.65e-06,5.825e-06,2.65e-06
5.666e-06,2.52e-06,7.85e-06,5.94e-06,2.95e-06
5.251e-06,2.53e-06,7.371e-06,5.255e-06,2.53e-06
5.364e-06,2.77e-06,7.33e-06,5.44e-06,2.77e-06
5.427e-06,2.61e-06,7.59e-06,5.62e-06,2.76e-06
5.571e-06,2.46e-06,7.72e-06,5.74e-06,2.89e-06
5.421e-06,2.32e-06,7.51e-06,5.491e-06,2.91e-06
5.312e-06,2.51e-06,7.2e-06,5.455e-06,2.79e-06
5.475e-06,2.48e-06,7.64e-06,5.73e-06,2.48e-06
5.559e-06,2.25e-06,7.66e-06,5.72e-06,3.06e-06
5.451e-06,2.32e-06,7.54e-06,5.58e-06,3.1e-06
5.47e-06,2.45e-06,7.57e-06,5.525e-06,3.08e-06
5.526e-06,2.37e-06,7.69e-06,5.685e-06,2.91e-06
5.338e-06,2.411e-06,7.53e-06,5.511e-06,2.82e-06
5.288e-06,2.6e-06,7.38e-06,5.39e-06,2.6e-06
5.483e-06,2.39e-06,7.73e-06,5.625e-06,2.96e-06
5.437e-06,2.5e-06,7.651e-06,5.52e-06,2.82e-06
5.306e-06,2.45e-06,7.3e-06,5.53e-06,2.85e-06
5.488e-06,2.37e-06,7.54e-06,5.63e-06,3.05e-06
5.932e-06,2.04e-06,7.99e-06,6.08e-06,3.49e-06
5.597e-06,2.57e-06,7.5e-06,5.69e-06,3.03e-06
5.278e-06,2.6e-06,7.5e-06,5.19e-06,2.6e-06
5.678e-06,2.48e-06,7.87e-06,5.835e-06,3.23e-06
5.181e-06,2.39e-06,7.51e-06,5.05e-06,2.39e-06
5.42e-06,2.54e-06,7.571e-06,5.41e-06,2.76e-06
5.675e-06,2.31e-06,7.85e-06,5.955e-06,3e-06
5.315e-06,2.58e-06,7.16e-06,5.295e-06,2.87e-06
5.603e-06,2.681e-06,7.89e-06,5.996e-06,2.681e-06
5.349e-06,2.71e-06,7.34e-06,5.49e-06,2.89e-06
5.696e-06,2.15e-06,7.97e-06,6.005e-06,3.1e-06
5.481e-06,2.52e-06,7.68e-06,5.575e-06,2.86e-06
5.359e-06,1.891e-06,7.551e-06,5.475e-06,1.891e-06
5.649e-06,2.12e-06,7.78e-06,5.755e-06,3.24e-06
5.467e-06,2.29e-06,7.41e-06,5.6e-06,3.06e-06
5.333e-06,2.58e-06,7.44e-06,5.371e-06,2.58e-06
5.253e-06,2.57e-06,7.27e-06,5.335e-06,2.78e-06
5.374e-06,2.52e-06,7.51e-06,5.435e-06,2.94e-06
5.588e-06,2.23e-06,7.89e-06,5.72e-06,2.98e-06
5.385e-06,2.66e-06,7.45e-06,5.46e-06,2.7e-06
5.707e-06,2.51e-06,7.98e-06,6.17e-06,2.83e-06
6.175e-06,2.03e-06,8.37e-06,6.61e-06,3.67e-06
5.405e-06,2.55e-06,7.53e-06,5.696e-06,2.55e-06
5.393e-06,2.62e-06,7.55e-06,5.495e-06,2.73e-06
5.475e-06,2.27e-06,7.49e-06,5.59e-06,2.98e-06
5.328e-06,2.401e-06,7.45e-06,5.34e-06,2.9e-06
5.429e-06,2.41e-06,7.47e-06,5.571e-06,2.88e-06
5.343e-06,2.64e-06,7.411e-06,5.385e-06,2.64e-06
5.472e-06,2.55e-06,7.43e-06,5.63e-06,2.79e-06
5.399e-06,2.6e-06,7.63e-06,5.675e-06,2.74e-06
5.399e-06,2.49e-06,7.41e-06,5.56e-06,2.85e-06
5.548e-06,2.37e-06,7.74e-06,5.65e-06,3.01e-06
5.466e-06,2.43e-06,7.56e-06,5.615e-06,2.82e-06
5.449e-06,2.48e-06,7.51e-06,5.51e-06,2.83e-06
5.321e-06,2.52e-06,7.511e-06,5.37e-06,2.77e-06
5.257e-06,2.59e-06,7.09e-06,5.315e-06,2.72e-06
5.475e-06,2.51e-06,7.6e-06,5.521e-06,2.96e-06
5.34e-06,2.36e-06,7.3e-06,5.57e-06,2.36e-06
5.432e-06,2.4e-06,7.57e-06,5.505e-06,2.96e-06
5.457e-06,2.76e-06,7.62e-06,5.56e-06,2.92e-06
5.6e-06,2.13e-06,7.83e-06,5.66e-06,3.2e-06
5.393e-06,2.59e-06,7.35e-06,5.495e-06,2.781e-06
5.241e-06,2.29e-06,7.29e-06,5.385e-06,2.29e-06
5.437e-06,2.25e-06,7.53e-06,5.465e-06,3.03e-06
5.34e-06,2.4e-06,7.66e-06,5.435e-06,2.87e-06
5.509e-06,2.29e-06,7.68e-06,5.76e-06,2.991e-06
5.298e-06,2.34e-06,7.27e-06,5.38e-06,2.94e-06
5.516e-06,2.41e-06,7.63e-06,5.715e-06,2.99e-06
5.411e-06,2.61e-06,7.51e-06,5.375e-06,2.61e-06
5.337e-06,2.82e-06,7.311e-06,5.455e-06,2.84e-06
5.291e-06,2.51e-06,7.31e-06,5.42e-06,2.75e-06
5.398e-06,2.43e-06,7.64e-06,5.465e-06,2.43e-06
5.82e-06,2.26e-06,8.13e-06,6.08e-06,3.11e-06
5.372e-06,2.63e-06,7.29e-06,5.616e-06,2.71e-06
5.593e-06,2.31e-06,7.82e-06,5.615e-06,3.09e-06
5.236e-06,2.58e-06,7.16e-06,5.41e-06,2.78e-06
5.421e-06,2.56e-06,7.521e-06,5.595e-06,2.8e-06
5.604e-06,2.47e-06,7.82e-06,5.85e-06,2.93e-06
5.27e-06,2.61e-06,7.42e-06,5.255e-06,2.61e-06
5.435e-06,2.51e-06,7.62e-06,5.61e-06,2.88e-06
5.696e-06,2.15e-06,8.11e-06,5.89e-06,3.13e-06
5.291e-06,2.61e-06,7.46e-06,5.475e-06,2.61e-06
5.335e-06,2.69e-06,7.39e-06,5.56e-06,2.69e-06
5.438e-06,2.31e-06,7.53e-06,5.605e-06,3.01e-06
5.534e-06,2.64e-06,7.83e-06,5.841e-06,2.64e-06
5.582e-06,2.27e-06,7.68e-06,5.785e-06,3.09e-06
5.501e-06,2.42e-06,7.57e-06,5.65e-06,2.97e-06
5.492e-06,2.63e-06,7.65e-06,5.635e-06,2.69e-06
5.371e-06,2.49e-06,7.39e-06,5.445e-06,2.88e-06
5.459e-06,2.24e-06,7.5e-06,5.6e-06,3.02e-06
5.262e-06,2.47e-06,7.39e-06,5.3e-06,2.47e-06
5.336e-06,2.46e-06,7.431e-06,5.476e-06,2.85e-06
5.294e-06,2.66e-06,7.48e-06,5.38e-06,2.66e-06
5.277e-06,2.54e-06,7.3e-06,5.33e-06,2.64e-06
5.348e-06,2.251e-06,7.48e-06,5.405e-06,2.251e-06
5.454e-06,2.43e-06,7.74e-06,5.55e-06,2.92e-06
5.371e-06,2.35e-06,7.5e-06,5.636e-06,2.35e-06
5.543e-06,2.24e-06,7.64e-06,5.81e-06,3.08e-06
5.322e-06,2.62e-06,7.521e-06,5.305e-06,2.68e-06
5.337e-06,2.57e-06,7.48e-06,5.39e-06,2.86e-06
5.545e-06,2.65e-06,7.62e-06,5.79e-06,2.65e-06
5.408e-06,2.48e-06,7.4e-06,5.515e-06,2.81e-06
5.298e-06,2.54e-06,7.22e-06,5.425e-06,2.54e-06
5.285e-06,2.44e-06,7.47e-06,5.315e-06,2.84e-06
5.308e-06,2.45e-06,7.44e-06,5.36e-06,2.45e-06
5.356e-06,2.62e-06,7.45e-06,5.431e-06,2.76e-06
5.425e-06,2.56e-06,7.36e-06,5.56e-06,2.8e-06
5.781e-06,2.04e-06,8.13e-06,5.91e-06,3.64e-06
5.443e-06,2.43e-06,7.55e-06,5.625e-06,2.96e-06
5.455e-06,2.58e-06,7.52e-06,5.555e-06,2.73e-06
5.532e-06,2.41e-06,7.46e-06,5.88e-06,2.83e-06
5.609e-06,2.28e-06,7.85e-06,5.8e-06,2.98e-06
5.403e-06,2.58e-06,7.38e-06,5.465e-06,2.85e-06
5.557e-06,2.26e-06,7.501e-06,5.71e-06,3.1e-06
5.496e-06,2.47e-06,7.67e-06,5.665e-06,2.81e-06
5.288e-06,2.62e-06,7.24e-06,5.525e-06,2.62e-06
5.606e-06,2.24e-06,7.84e-06,5.83e-06,3.04e-06
5.446e-06,2.41e-06,7.45e-06,5.64e-06,2.86e-06
5.478e-06,2.291e-06,7.63e-06,5.6e-06,2.88e-06
5.472e-06,2.65e-06,7.531e-06,5.54e-06,2.72e-06
7.345e-06,2.04e-06,1.367e-05,7.69e-06,6.18e-06
5.915e-06,1.73e-06,9.25e-06,6.08e-06,1.73e-06
5.523e-06,2.77e-06,7.68e-06,5.545e-06,2.77e-06
5.421e-06,2.67e-06,7.42e-06,5.56e-06,2.67e-06
5.463e-06,2.48e-06,7.61e-06,5.53e-06,2.9e-06
5.309e-06,2.55e-06,7.19e-06,5.545e-06,2.64e-06
5.394e-06,2.62e-06,7.46e-06,5.63e-06,2.63e-06
5.645e-06,2.12e-06,7.911e-06,5.745e-06,3.28e-06
5.422e-06,2.501e-06,7.4e-06,5.415e-06,2.82e-06
5.668e-06,2.27e-06,7.85e-06,5.76e-06,3.11e-06
5.351e-06,2.54e-06,7.5e-06,5.48e-06,2.83e-06
5.34e-06,2.62e-06,7.61e-06,5.395e-06,2.62e-06
4.936e-06,2.11e-06,6.92e-06,4.695e-06,2.11e-06
5.136e-06,2.68e-06,7.09e-06,4.9e-06,2.68e-06
5.166e-06,2.04e-06,7.36e-06,4.985e-06,2.04e-06
5.321e-06,1.89e-06,7.411e-06,5.291e-06,1.89e-06
5.262e-06,2.56e-06,7.03e-06,5.105e-06,2.56e-06
5.02e-06,2.43e-06,7.05e-06,4.57e-06,2.43e-06
5.245e-06,2.41e-06,7.22e-06,5.08e-06,2.41e-06
5.468e-06,1.93e-06,7.59e-06,5.456e-06,1.93e-06
5.122e-06,2.25e-06,6.8e-06,5.19e-06,2.25e-06
5.832e-06,1.96e-06,8.211e-06,6.14e-06,3.6e-06
5.311e-06,2.27e-06,7.26e-06,5.205e-06,2.27e-06
5.172e-06,2.17e-06,7.13e-06,5.05e-06,2.17e-06
5.108e-06,2.03e-06,6.96e-06,5.096e-06,2.03e-06
5.254e-06,2.75e-06,7.45e-06,5.1e-06,2.75e-06
5.271e-06,2.03e-06,7.27e-06,5.425e-06,2.03e-06
5.498e-06,2.66e-06,7.61e-06,5.575e-06,2.84e-06
5.052e-06,2.32e-06,6.9e-06,4.95e-06,2.32e-06
5.041e-06,2.35e-06,6.81e-06,5.045e-06,2.35e-06
5.454e-06,2.7e-06,7.441e-06,5.495e-06,2.7e-06
5.127e-06,2.29e-06,7e-06,5.1e-06,2.29e-06
4.982e-06,2.24e-06,6.91e-06,4.67e-06,2.24e-06
5.513e-06,1.971e-06,7.54e-06,5.561e-06,1.971e-06
5.344e-06,2.16e-06,7.28e-06,5.39e-06,2.16e-06
5.168e-06,2.32e-06,7.01e-06,4.97e-06,2.32e-06
5.213e-06,1.93e-06,7.03e-06,5.21e-06,1.93e-06
5.308e-06,2.63e-06,7.441e-06,5.24e-06,2.63e-06
5.075e-06,2.22e-06,7.07e-06,4.84e-06,2.22e-06
5.039e-06,2.32e-06,6.89e-06,4.85e-06,2.32e-06
5.379e-06,1.95e-06,7.581e-06,5.375e-06,1.95e-06
5.006e-06,2.03e-06,6.87e-06,4.795e-06,2.03e-06
4.987e-06,2.29e-06,7e-06,4.7e-06,2.29e-06
5.168e-06,2.12e-06,7.09e-06,5.205e-06,2.12e-06
5.077e-06,2.22e-06,7.05e-06,4.945e-06,2.22e-06
4.999e-06,2.33e-06,6.75e-06,4.845e-06,2.33e-06
5.293e-06,2.25e-06,7.36e-06,5.25e-06,2.25e-06
5.206e-06,1.9e-06,7.1e-06,5e-06,1.9e-06
5.106e-06,2.31e-06,7.021e-06,4.87e-06,2.31e-06
5.064e-06,2.52e-06,7.01e-06,4.935e-06,2.52e-06
5.099e-06,2.181e-06,6.93e-06,4.97e-06,2.181e-06
5.284e-06,2.55e-06,7.4e-06,5.186e-06,2.55e-06
5.016e-06,2.12e-06,6.881e-06,4.88e-06,2.12e-06
5.082e-06,2.72e-06,6.78e-06,5.025e-06,2.75e-06
4.999e-06,2.22e-06,6.89e-06,4.805e-06,2.22e-06
5.15e-06,2.45e-06,7.36e-06,4.94e-06,2.45e-06
5.391e-06,1.96e-06,7.41e-06,5.41e-06,1.96e-06
5.063e-06,2.39e-06,7.12e-06,4.825e-06,2.39e-06
5.035e-06,1.97e-06,6.94e-06,4.835e-06,1.97e-06
5.138e-06,2.04e-06,7.04e-06,4.995e-06,2.04e-06
5.047e-06,2.16e-06,6.851e-06,4.88e-06,2.16e-06
5.093e-06,2.47e-06,6.89e-06,5.206e-06,2.47e-06
5.477e-06,2.43e-06,7.58e-06,5.386e-06,3.11e-06
5.099e-06,2.12e-06,6.97e-06,5.015e-06,2.12e-06
5.16e-06,2.01e-06,7.01e-06,5.25e-06,2.01e-06
5.359e-06,2.11e-06,7.35e-06,5.34e-06,2.11e-06
5.205e-06,2.14e-06,7.01e-06,5.185e-06,2.14e-06
5.064e-06,2.261e-06,6.831e-06,5.065e-06,2.261e-06
5.342e-06,1.87e-06,7.47e-06,5.125e-06,1.87e-06
5.038e-06,2.33e-06,7.04e-06,4.945e-06,2.33e-06
5.103e-06,2.23e-06,6.91e-06,4.941e-06,2.23e-06
5.231e-06,2.23e-06,7.151e-06,5.155e-06,2.23e-06
5.285e-06,1.77e-06,7.21e-06,5.305e-06,1.77e-06
5.327e-06,2.37e-06,7.15e-06,5.275e-06,2.37e-06
5.444e-06,1.84e-06,7.46e-06,5.48e-06,1.84e-06
5.198e-06,2.57e-06,7.021e-06,5.02e-06,2.57e-06
5.207e-06,2.01e-06,7.21e-06,5.056e-06,2.01e-06
5.397e-06,2.71e-06,7.45e-06,5.51e-06,2.73e-06
5.037e-06,2.1e-06,6.86e-06,4.945e-06,2.1e-06
5.02e-06,2.42e-06,6.93e-06,4.74e-06,2.42e-06
5.461e-06,2.13e-06,7.47e-06,5.29e-06,2.13e-06
5.183e-06,2.59e-06,7.1e-06,5.175e-06,2.59e-06
5.378e-06,1.89e-06,7.42e-06,5.34e-06,1.89e-06
5.465e-06,2.23e-06,7.54e-06,5.466e-06,2.23e-06
5.134e-06,1.93e-06,6.93e-06,5.065e-06,1.93e-06
5.098e-06,2.3e-06,7.06e-06,4.865e-06,2.3e-06
5.031e-06,2.19e-06,6.68e-06,4.885e-06,2.19e-06
5.248e-06,2e-06,7.31e-06,5.23e-06,2e-06
5.292e-06,2.15e-06,7.23e-06,5.355e-06,2.15e-06
4.972e-06,2.26e-06,6.94e-06,4.79e-06,2.26e-06
5.264e-06,2.05e-06,7.511e-06,5.16e-06,2.05e-06
5.519e-06,2.1e-06,7.54e-06,5.71e-06,2.1e-06
5.209e-06,2.72e-06,7.2e-06,5.065e-06,2.72e-06
5.139e-06,2.33e-06,7.07e-06,5.11e-06,2.33e-06
5.153e-06,2.6e-06,7.021e-06,4.985e-06,2.6e-06
5.218e-06,2.19e-06,7.13e-06,5.16e-06,2.19e-06
5.19e-06,2.07e-06,7.1e-06,5.1e-06,2.07e-06
5.355e-06,1.85e-06,7.36e-06,5.385e-06,1.85e-06
5.503e-06,1.97e-06,7.34e-06,5.585e-06,1.97e-06
5.368e-06,1.84e-06,7.35e-06,5.305e-06,1.84e-06
5.09e-06,2.21e-06,7.04e-06,4.895e-06,2.21e-06
5.148e-06,2.13e-06,7.1e-06,5.171e-06,2.13e-06
5.14e-06,2.27e-06,6.91e-06,5.111e-06,2.27e-06
5.101e-06,2.15e-06,7.22e-06,4.845e-06,2.15e-06
5.188e-06,2.21e-06,7.19e-06,5.125e-06,2.21e-06
5.141e-06,2.17e-06,7.04e-06,5.095e-06,2.17e-06
5.35e-06,2.34e-06,7.42e-06,5.31e-06,2.34e-06
5.117e-06,2.23e-06,7.13e-06,4.825e-06,2.23e-06
4.947e-06,2.29e-06,7.12e-06,4.86e-06,2.29e-06
5.209e-06,2.221e-06,7.04e-06,5.305e-06,2.221e-06
5.489e-06,2.02e-06,7.67e-06,5.73e-06,2.02e-06
5.408e-06,2.73e-06,7.34e-06,5.37e-06,2.73e-06
5.308e-06,2.72e-06,7.24e-06,5.18e-06,2.72e-06
5.057e-06,2.22e-06,7.001e-06,4.89e-06,2.22e-06
5.4e-06,2.17e-06,7.62e-06,5.45e-06,2.17e-06
5.207e-06,2.37e-06,7.49e-06,5.045e-06,2.37e-06
5.096e-06,2.42e-06,6.96e-06,5e-06,2.42e-06
4.979e-06,2.42e-06,6.921e-06,4.915e-06,2.42e-06
5.227e-06,2.29e-06,7.16e-06,5.31e-06,2.29e-06
5.35e-06,2.74e-06,7.42e-06,5.466e-06,2.74e-06
5.163e-06,2.28e-06,7.09e-06,5.05e-06,2.28e-06
5.31e-06,1.94e-06,7.331e-06,5.425e-06,1.94e-06
5.024e-06,2.47e-06,7.14e-06,4.73e-06,2.47e-06
5.174e-06,2.36e-06,7.26e-06,5.08e-06,2.36e-06
5.173e-06,2.5e-06,7.04e-06,5.145e-06,2.5e-06
5.156e-06,2.35e-06,6.84e-06,5.346e-06,2.35e-06
5.457e-06,2.24e-06,7.64e-06,5.466e-06,2.24e-06
7.464e-06,1.84e-06,1.545e-05,7.23e-06,1.84e-06
6.218e-06,2e-06,1.0121e-05,5.985e-06,2e-06
4.954e-06,2.35e-06,6.92e-06,4.746e-06,2.35e-06
5.112e-06,2.4e-06,7.15e-06,4.875e-06,2.4e-06
5.076e-06,2.05e-06,7.04e-06,5.015e-06,2.05e-06
5.339e-06,2.66e-06,7.23e-06,5.36e-06,2.66e-06
5.09e-06,2.53e-06,6.99e-06,4.93e-06,2.53e-06
5.279e-06,2.06e-06,7.37e-06,5.305e-06,2.06e-06
5.176e-06,1.9e-06,7.03e-06,4.995e-06,1.9e-06
5.112e-06,2.22e-06,6.95e-06,4.825e-06,2.22e-06
5.278e-06,2.75e-06,7.59e-06,5.415e-06,2.77e-06
5.147e-06,2.18e-06,7.01e-06,5.255e-06,2.18e-06
5.302e-06,2.69e-06,7.49e-06,5.355e-06,2.69e-06
5.102e-06,2.17e-06,7.06e-06,4.915e-06,2.17e-06
5.038e-06,2.47e-06,7.08e-06,4.97e-06,2.47e-06
5.192e-06,2.25e-06,7.25e-06,4.99e-06,2.25e-06
4.913e-06,2.31e-06,6.771e-06,4.576e-06,2.31e-06
5.058e-06,2.22e-06,6.83e-06,4.855e-06,2.22e-06
5.2e-06,2.56e-06,7.21e-06,5.12e-06,2.56e-06
5.347e-06,2.67e-06,7.51e-06,5.42e-06,2.72e-06
5.622e-06,1.76e-06,7.56e-06,5.865e-06,1.76e-06
5.173e-06,2.27e-06,7.05e-06,5.025e-06,2.27e-06
4.722e-06,2.56e-06,6.291e-06,4.32e-06,2.56e-06
5.169e-06,2.19e-06,7.14e-06,5.09e-06,2.19e-06
5.202e-06,1.96e-06,6.911e-06,5.065e-06,1.96e-06
5.389e-06,2.14e-06,7.71e-06,5.38e-06,2.14e-06
5.014e-06,2.25e-06,6.92e-06,4.94e-06,2.25e-06
5.38e-06,1.92e-06,7.43e-06,5.331e-06,1.92e-06
5.445e-06,1.77e-06,7.671e-06,5.395e-06,1.77e-06
5.02e-06,2.28e-06,6.94e-06,4.76e-06,2.28e-06
5.214e-06,2.31e-06,7.07e-06,5.195e-06,2.31e-06
4.999e-06,2.14e-06,6.76e-06,4.805e-06,2.14e-06
5.338e-06,1.791e-06,7.3e-06,5.295e-06,1.791e-06
5.169e-06,2e-06,6.82e-06,5.05e-06,2e-06
5.059e-06,2.04e-06,6.97e-06,4.735e-06,2.04e-06
5.093e-06,2.33e-06,6.92e-06,5.03e-06,2.33e-06
5.395e-06,2.08e-06,7.53e-06,5.425e-06,2.08e-06
4.999e-06,2.16e-06,6.89e-06,4.91e-06,2.16e-06
5.116e-06,2.01e-06,6.98e-06,4.896e-06,2.01e-06
5.072e-06,2.22e-06,7.151e-06,4.751e-06,2.22e-06
5.148e-06,2.29e-06,6.96e-06,5.01e-06,2.29e-06
5.041e-06,2.19e-06,7.17e-06,4.89e-06,2.19e-06
5.052e-06,2.07e-06,7.08e-06,4.805e-06,2.07e-06
5.174e-06,2.21e-06,7.181e-06,5.31e-06,2.21e-06
5.366e-06,2.28e-06,7.37e-06,5.44e-06,2.28e-06
5.096e-06,2.08e-06,7.09e-06,4.876e-06,2.08e-06
5.086e-06,2.5e-06,7.01e-06,4.965e-06,2.5e-06
5.01e-06,2.17e-06,6.911e-06,4.915e-06,2.17e-06
5.262e-06,2.73e-06,7.18e-06,5.04e-06,2.73e-06
5.454e-06,2.05e-06,7.49e-06,5.385e-06,2.05e-06
5.144e-06,2.02e-06,6.99e-06,5.17e-06,2.02e-06
5.183e-06,2.16e-06,7.15e-06,5.115e-06,2.16e-06
5.225e-06,2.68e-06,7.211e-06,5.25e-06,2.75e-06
5.318e-06,2.31e-06,7.38e-06,5.326e-06,2.31e-06
5.054e-06,1.89e-06,6.76e-06,5.01e-06,1.89e-06
5.192e-06,1.95e-06,7.2e-06,5.155e-06,1.95e-06
5.152e-06,2.02e-06,6.89e-06,5.17e-06,2.02e-06
5.249e-06,2.42e-06,7.24e-06,5.26e-06,2.42e-06
5.448e-06,1.78e-06,7.76e-06,5.395e-06,1.78e-06
5.132e-06,2.27e-06,7.33e-06,5.01e-06,2.27e-06
4.997e-06,2.15e-06,7e-06,4.95e-06,2.15e-06
5.282e-06,2.68e-06,7.4e-06,5.195e-06,2.68e-06
5.127e-06,2.29e-06,7.09e-06,5.115e-06,2.29e-06
5.302e-06,1.96e-06,7.21e-06,5.381e-06,1.96e-06
5.435e-06,2.16e-06,7.45e-06,5.515e-06,2.16e-06
5.211e-06,2.41e-06,7.04e-06,5e-06,2.41e-06
5.004e-06,2.22e-06,7.051e-06,4.67e-06,2.22e-06
4.962e-06,2.23e-06,6.74e-06,4.755e-06,2.23e-06
5.083e-06,1.93e-06,7.18e-06,5.015e-06,1.93e-06
5.605e-06,2.25e-06,7.77e-06,5.745e-06,2.25e-06
5.08e-06,2.481e-06,6.931e-06,4.956e-06,2.481e-06
5.137e-06,2.48e-06,6.88e-06,5.05e-06,2.48e-06
5.358e-06,2.2e-06,7.29e-06,5.385e-06,2.2e-06
5.259e-06,2.18e-06,7.14e-06,4.975e-06,2.18e-06
4.915e-06,2.18e-06,7.03e-06,4.73e-06,2.18e-06
5.058e-06,2.85e-06,6.96e-06,4.655e-06,2.85e-06
5.157e-06,2.11e-06,7.06e-06,5.165e-06,2.11e-06
1.0385e-05,2.87e-06,1.898e-05,9.465e-06,1.142e-05
7.214e-06,2.07e-06,1.006e-05,8.455e-06,3.61e-06
5.307e-06,2.13e-06,7.4e-06,5.14e-06,2.13e-06
5.169e-06,2.17e-06,7.2e-06,5.215e-06,2.17e-06
5.342e-06,1.87e-06,7.331e-06,5.4e-06,1.87e-06
5.138e-06,2.54e-06,7.04e-06,5.19e-06,2.54e-06
5.245e-06,2.39e-06,7.26e-06,5.26e-06,2.39e-06
5.257e-06,1.85e-06,7.15e-06,5.215e-06,1.85e-06
5.129e-06,2.21e-06,7.131e-06,5.035e-06,2.21e-06
5.177e-06,1.97e-06,6.99e-06,5.05e-06,1.97e-06
5.1e-06,1.97e-06,6.96e-06,5.101e-06,1.97e-06
5.462e-06,2.791e-06,7.401e-06,5.54e-06,2.91e-06
5.151e-06,2.19e-06,7.11e-06,5.165e-06,2.19e-06
5.096e-06,2.021e-06,6.87e-06,4.925e-06,2.021e-06
4.955e-06,2.4e-06,6.92e-06,4.745e-06,2.4e-06
5.202e-06,2.07e-06,7.251e-06,4.99e-06,2.07e-06
5.098e-06,2.06e-06,7.11e-06,4.905e-06,2.06e-06
5.13e-06,2.09e-06,7.12e-06,5.046e-06,2.09e-06
5.25e-06,2.02e-06,7.32e-06,5.285e-06,2.02e-06
5.132e-06,2.6e-06,7.101e-06,4.985e-06,2.6e-06
5.349e-06,2.07e-06,7.34e-06,5.265e-06,2.07e-06
5.144e-06,2.27e-06,7.21e-06,4.905e-06,2.27e-06
5.534e-06,1.87e-06,7.6e-06,5.635e-06,1.87e-06
5.004e-06,2.23e-06,6.99e-06,4.87e-06,2.23e-06
5.23e-06,1.86e-06,7.24e-06,5.095e-06,1.86e-06
5.138e-06,2.38e-06,7.08e-06,4.915e-06,2.38e-06
5.116e-06,2.38e-06,6.95e-06,4.9e-06,2.38e-06
5.192e-06,2.05e-06,7.09e-06,5.075e-06,2.05e-06
5.188e-06,2.16e-06,7.35e-06,4.925e-06,2.16e-06
5.129e-06,2.63e-06,7.02e-06,4.95e-06,2.63e-06
5.101e-06,2.56e-06,7.02e-06,4.906e-06,2.56e-06
5.089e-06,2.47e-06,7.01e-06,5.095e-06,2.47e-06
5.332e-06,2.7e-06,7.45e-06,5.235e-06,2.7e-06
5.048e-06,2.43e-06,7.1e-06,4.815e-06,2.43e-06
5.073e-06,2.01e-06,7.091e-06,5.06e-06,2.01e-06
5.14e-06,2.05e-06,7.16e-06,4.945e-06,2.05e-06
5.136e-06,2e-06,7.25e-06,4.99e-06,2e-06
5.525e-06,2.05e-06,7.5e-06,5.675e-06,2.05e-06
5.34e-06,2.73e-06,7.33e-06,5.37e-06,2.73e-06
5.256e-06,2.71e-06,7.13e-06,5.266e-06,2.75e-06
5.177e-06,2.22e-06,7.08e-06,5.065e-06,2.22e-06
5.558e-06,1.84e-06,7.61e-06,5.635e-06,1.84e-06
5.191e-06,2.46e-06,7.24e-06,5.091e-06,2.46e-06
5.123e-06,2.08e-06,7.01e-06,5.07e-06,2.08e-06
5.158e-06,2.35e-06,6.8e-06,5.32e-06,2.35e-06
5.303e-06,2.27e-06,7.46e-06,5.16e-06,2.27e-06
5.213e-06,2.41e-06,7.32e-06,5.135e-06,2.41e-06
5.027e-06,2.48e-06,7.15e-06,4.81e-06,2.48e-06
5.313e-06,2.32e-06,7.51e-06,5.26e-06,2.32e-06
4.85e-06,2.12e-06,6.63e-06,4.53e-06,2.12e-06
4.973e-06,2.21e-06,6.75e-06,4.705e-06,2.21e-06
5.048e-06,2.241e-06,7.09e-06,4.875e-06,2.241e-06
5.056e-06,2.12e-06,7.06e-06,4.92e-06,2.12e-06
7.78e-06,2.12e-06,1.0471e-05,8.361e-06,2.12e-06
5.002e-06,2.1e-06,6.79e-06,4.885e-06,2.1e-06
5.318e-06,2.55e-06,7.25e-06,5.485e-06,2.871e-06
5.131e-06,2.25e-06,7e-06,5.01e-06,2.25e-06
5.107e-06,2.61e-06,7.04e-06,4.75e-06,2.61e-06
5.166e-06,2.17e-06,7.16e-06,4.94e-06,2.17e-06
5.298e-06,2.09e-06,7.24e-06,5.41e-06,2.09e-06
5.532e-06,1.89e-06,7.56e-06,5.57e-06,1.89e-06
5e-06,2.2e-06,6.761e-06,4.765e-06,2.2e-06
5.422e-06,1.89e-06,7.32e-06,5.38e-06,1.89e-06
5.466e-06,1.95e-06,7.53e-06,5.48e-06,1.95e-06
5.153e-06,2.17e-06,6.95e-06,5.22e-06,2.17e-06
5.376e-06,2.57e-06,7.32e-06,5.355e-06,2.9e-06
5.063e-06,1.93e-06,7.01e-06,4.705e-06,1.93e-06
4.953e-06,2.34e-06,7.04e-06,4.891e-06,2.34e-06
5.204e-06,2.03e-06,7.11e-06,4.995e-06,2.03e-06
1.1434e-05,3.63e-06,1.379e-05,1.197e-05,1.01e-05
5.327e-06,2.03e-06,7.03e-06,5.13e-06,2.03e-06
5.348e-06,2.76e-06,7.27e-06,5.335e-06,2.76e-06
5.416e-06,1.83e-06,7.3e-06,5.465e-06,1.83e-06
5.393e-06,1.98e-06,7.23e-06,5.195e-06,1.98e-06
4.975e-06,2.17e-06,6.79e-06,4.7e-06,2.17e-06
5.336e-06,2.43e-06,7.31e-06,5.211e-06,2.43e-06
5.255e-06,1.96e-06,7.08e-06,5.19e-06,1.96e-06
5.232e-06,1.97e-06,7.12e-06,5.02e-06,1.97e-06
5.255e-06,2.73e-06,7.32e-06,5.21e-06,2.73e-06
5.109e-06,2.42e-06,7.08e-06,5.165e-06,2.42e-06
5.195e-06,2.54e-06,7.18e-06,5.12e-06,2.54e-06
5.15e-06,2.67e-06,7.14e-06,5.145e-06,2.67e-06
5.134e-06,1.93e-06,7.08e-06,5.025e-06,1.93e-06
5.33e-06,1.92e-06,7.41e-06,5.44e-06,1.92e-06
5.107e-06,2.53e-06,7.02e-06,4.991e-06,2.53e-06
5.116e-06,2.43e-06,7.01e-06,5.11e-06,2.43e-06
5.353e-06,2.76e-06,7.47e-06,5.215e-06,2.76e-06
5.113e-06,2.49e-06,7.47e-06,4.87e-06,2.49e-06
5.071e-06,2.361e-06,6.79e-06,5.085e-06,2.361e-06
5.129e-06,2.04e-06,7e-06,4.885e-06,2.04e-06
5.385e-06,1.88e-06,7.41e-06,5.355e-06,1.88e-06
5.02e-06,2.24e-06,6.86e-06,4.73e-06,2.24e-06
5.33e-06,1.81e-06,7.29e-06,5.315e-06,1.81e-06
5.07e-06,2.11e-06,7.081e-06,4.95e-06,2.11e-06
5.419e-06,2.87e-06,7.6e-06,5.4e-06,2.87e-06
5.037e-06,2.68e-06,7.19e-06,4.7e-06,2.68e-06
5.1e-06,2.33e-06,6.94e-06,5.04e-06,2.33e-06
5.087e-06,2.14e-06,7e-06,5.075e-06,2.14e-06
5.019e-06,2.42e-06,6.67e-06,4.736e-06,2.42e-06
5.109e-06,2.29e-06,7.14e-06,5.075e-06,2.29e-06
5.058e-06,2.1e-06,6.85e-06,5.075e-06,2.1e-06
4.995e-06,2.14e-06,6.89e-06,4.785e-06,2.14e-06
5.185e-06,2.44e-06,7.05e-06,5.17e-06,2.44e-06
5.159e-06,2.36e-06,7.14e-06,5.136e-06,2.36e-06
4.927e-06,2.08e-06,6.81e-06,4.535e-06,2.08e-06
5.417e-06,2.66e-06,7.48e-06,5.38e-06,2.841e-06
5.109e-06,2e-06,6.88e-06,5.075e-06,2e-06
5.02e-06,2.03e-06,6.83e-06,4.845e-06,2.03e-06
5.046e-06,2.19e-06,6.9e-06,5.12e-06,2.19e-06
5.231e-06,2.69e-06,7.09e-06,5.275e-06,2.69e-06
5.274e-06,2.25e-06,7.371e-06,5.155e-06,2.25e-06
5.305e-06,1.93e-06,7.09e-06,5.155e-06,1.93e-06
5.247e-06,2.79e-06,7.35e-06,5.015e-06,2.87e-06
5.054e-06,2.14e-06,7.05e-06,4.94e-06,2.14e-06
5.158e-06,2.6e-06,7.221e-06,5.055e-06,2.6e-06
5.028e-06,2.25e-06,6.96e-06,4.99e-06,2.25e-06
5.119e-06,2.26e-06,6.85e-06,4.92e-06,2.26e-06
4.943e-06,2.01e-06,6.92e-06,4.615e-06,2.01e-06
5.154e-06,2.15e-06,7.07e-06,5.1e-06,2.15e-06
5.182e-06,2.23e-06,7.21e-06,5.045e-06,2.23e-06
5.267e-06,2.64e-06,7.24e-06,5.211e-06,2.64e-06
5.021e-06,2.37e-06,7.03e-06,4.815e-06,2.37e-06
5.307e-06,1.861e-06,7.21e-06,5.155e-06,1.861e-06
4.904e-06,2.2e-06,7.05e-06,4.895e-06,2.2e-06
5.042e-06,1.89e-06,6.82e-06,4.74e-06,1.89e-06
4.945e-06,2.04e-06,6.92e-06,4.7e-06,2.04e-06
5.066e-06,2.39e-06,6.97e-06,4.965e-06,2.39e-06
5.231e-06,2.07e-06,7.07e-06,5.285e-06,2.07e-06
5.225e-06,2.17e-06,7.24e-06,5.305e-06,2.17e-06
5.569e-06,2.44e-06,7.73e-06,5.6e-06,3.05e-06
4.972e-06,2.04e-06,6.81e-06,4.835e-06,2.04e-06
5.286e-06,2.54e-06,7.36e-06,5.341e-06,2.54e-06
5.679e-06,2.46e-06,8.11e-06,5.775e-06,2.46e-06
5.273e-06,1.96e-06,7.091e-06,5.41e-06,1.96e-06
5.223e-06,1.93e-06,7.28e-06,5.03e-06,1.93e-06
5.117e-06,1.98e-06,6.92e-06,4.971e-06,1.98e-06
5.361e-06,1.95e-06,7.24e-06,5.305e-06,1.95e-06
5.048e-06,2.55e-06,7.061e-06,4.84e-06,2.55e-06
5.045e-06,1.97e-06,6.9e-06,4.95e-06,1.97e-06
5.284e-06,1.9e-06,7.18e-06,5.22e-06,1.9e-06
5.133e-06,2.1e-06,7.01e-06,5.12e-06,2.1e-06
5.081e-06,1.97e-06,7.04e-06,4.855e-06,1.97e-06
5.128e-06,2.42e-06,7.02e-06,5.095e-06,2.42e-06
5.017e-06,2.261e-06,6.82e-06,4.95e-06,2.261e-06
5.11e-06,2.12e-06,6.96e-06,4.95e-06,2.12e-06
5.358e-06,2.7e-06,7.39e-06,5.245e-06,2.7e-06
4.989e-06,1.95e-06,6.92e-06,4.595e-06,1.95e-06
5.043e-06,2.27e-06,6.85e-06,4.9e-06,2.27e-06
5.103e-06,2.17e-06,6.91e-06,4.91e-06,2.17e-06
5.033e-06,2.37e-06,6.901e-06,4.771e-06,2.37e-06
5.112e-06,2.28e-06,7.1e-06,5.1e-06,2.28e-06
5.41e-06,1.99e-06,7.4e-06,5.625e-06,1.99e-06
5.142e-06,2.27e-06,6.96e-06,5.075e-06,2.27e-06
5.026e-06,2.45e-06,6.721e-06,4.895e-06,2.45e-06
4.956e-06,2.34e-06,6.74e-06,4.68e-06,2.34e-06
5.17e-06,2.36e-06,7.05e-06,5.08e-06,2.36e-06
5.07e-06,2.541e-06,7.03e-06,4.685e-06,2.541e-06
5.184e-06,2.54e-06,7.17e-06,5.1e-06,2.54e-06
5.342e-06,2.1e-06,7.53e-06,5.395e-06,2.1e-06
5.137e-06,2.04e-06,6.97e-06,5.07e-06,2.04e-06
4.893e-06,2.21e-06,7.1e-06,4.59e-06,2.21e-06
5.138e-06,1.85e-06,7.09e-06,5.095e-06,1.85e-06
4.927e-06,1.97e-06,6.76e-06,4.495e-06,1.97e-06
5.096e-06,2.28e-06,6.93e-06,4.816e-06,2.28e-06
5.003e-06,2.18e-06,6.541e-06,5.165e-06,2.18e-06
5.185e-06,2.61e-06,7.34e-06,5.065e-06,2.61e-06
5.009e-06,2.36e-06,7.04e-06,4.71e-06,2.36e-06
4.952e-06,2.23e-06,6.91e-06,4.63e-06,2.23e-06
5.3e-06,2.7e-06,7.321e-06,5.34e-06,2.7e-06
5.113e-06,2.35e-06,7.13e-06,5.045e-06,2.35e-06
5.283e-06,2.46e-06,7.24e-06,5.27e-06,2.46e-06
8.192e-06,1.93e-06,3.4441e-05,5.825e-06,1.93e-06
5.064e-06,2.06e-06,7.2e-06,5.226e-06,2.06e-06
4.885e-06,2.19e-06,6.67e-06,4.55e-06,2.19e-06
5.473e-06,1.88e-06,7.45e-06,5.45e-06,1.88e-06
5.069e-06,2.57e-06,7e-06,4.805e-06,2.57e-06
5.016e-06,2.26e-06,6.78e-06,4.785e-06,2.26e-06
4.842e-06,2.17e-06,6.49e-06,4.55e-06,2.17e-06
5.417e-06,2.59e-06,7.28e-06,5.125e-06,2.59e-06
4.885e-06,2.44e-06,6.98e-06,4.586e-06,2.44e-06
5.112e-06,2.22e-06,7.02e-06,5.015e-06,2.22e-06
4.878e-06,2.16e-06,6.86e-06,4.61e-06,2.16e-06
4.869e-06,2.07e-06,6.84e-06,4.565e-06,2.07e-06
5.046e-06,2.31e-06,7.25e-06,5.085e-06,2.31e-06
5.318e-06,2.13e-06,7.1e-06,5.22e-06,2.13e-06
4.977e-06,2.09e-06,6.84e-06,4.785e-06,2.09e-06
4.997e-06,2.69e-06,6.69e-06,4.725e-06,2.69e-06
5.333e-06,2.15e-06,7.33e-06,5.36e-06,2.15e-06
5.396e-06,2.68e-06,7.3e-06,5.36e-06,2.74e-06
5.282e-06,1.97e-06,7.141e-06,5.17e-06,1.97e-06
5.084e-06,1.98e-06,6.88e-06,4.945e-06,1.98e-06
2.3853e-05,1.95e-06,0.000192573,5.02e-06,1.95e-06
6.096e-06,2.01e-06,9.8e-06,6.04e-06,3.69e-06
5.009e-06,2.25e-06,6.8e-06,4.891e-06,2.25e-06
5.462e-06,2.58e-06,7.6e-06,5.305e-06,2.88e-06
5.042e-06,2.4e-06,6.97e-06,4.895e-06,2.4e-06
5.097e-06,2.12e-06,7.06e-06,5.095e-06,2.12e-06
5.104e-06,2.37e-06,6.93e-06,4.995e-06,2.37e-06
5.11e-06,2.03e-06,7.14e-06,4.98e-06,2.03e-06
4.993e-06,2.25e-06,6.77e-06,4.695e-06,2.25e-06
5.102e-06,2.11e-06,6.82e-06,5.225e-06,2.11e-06
5.5e-06,2.2e-06,7.68e-06,5.52e-06,3.29e-06
5.004e-06,1.93e-06,6.77e-06,4.71e-06,1.93e-06
4.932e-06,2.06e-06,6.53e-06,4.635e-06,2.06e-06
5.107e-06,2.07e-06,6.84e-06,4.821e-06,2.07e-06
5.101e-06,2.32e-06,6.87e-06,5.105e-06,2.32e-06
5.303e-06,2.47e-06,7.25e-06,5.375e-06,2.47e-06
5.055e-06,2.421e-06,6.89e-06,4.88e-06,2.421e-06
5.086e-06,2.22e-06,6.9e-06,5.065e-06,2.22e-06
5.07e-06,2.51e-06,6.94e-06,4.915e-06,2.51e-06
4.967e-06,2.45e-06,6.97e-06,4.67e-06,2.45e-06
5.441e-06,1.86e-06,7.46e-06,5.515e-06,1.86e-06
4.958e-06,2.11e-06,6.88e-06,4.765e-06,2.11e-06
5.278e-06,2.56e-06,7.37e-06,5.145e-06,2.82e-06
5.01e-06,2.36e-06,6.77e-06,4.935e-06,2.36e-06
5.165e-06,2.59e-06,7.15e-06,4.956e-06,2.59e-06
5.087e-06,2.13e-06,6.85e-06,4.885e-06,2.13e-06
5.189e-06,2.63e-06,6.94e-06,5.04e-06,2.86e-06
4.965e-06,2.31e-06,6.83e-06,4.77e-06,2.31e-06
5.021e-06,2.08e-06,6.88e-06,5e-06,2.08e-06
5.297e-06,2.55e-06,7.36e-06,5.21e-06,2.55e-06
5.054e-06,2.24e-06,6.991e-06,5.01e-06,2.24e-06
5.354e-06,1.84e-06,7.43e-06,5.345e-06,1.84e-06
5.254e-06,2.03e-06,7.13e-06,5.15e-06,2.03e-06
4.969e-06,2.111e-06,6.76e-06,4.825e-06,2.111e-06
5.132e-06,2.04e-06,7.081e-06,4.965e-06,2.04e-06
5.227e-06,2.06e-06,7.18e-06,5.27e-06,2.06e-06
4.92e-06,2.24e-06,6.891e-06,4.67e-06,2.24e-06
5.126e-06,1.97e-06,6.9e-06,5.07e-06,1.97e-06
4.991e-06,2.39e-06,6.83e-06,4.76e-06,2.39e-06
5.119e-06,2.24e-06,6.96e-06,5.115e-06,2.24e-06
5.241e-06,1.95e-06,7.03e-06,5.185e-06,1.95e-06
5.053e-06,2.13e-06,6.97e-06,4.955e-06,2.13e-06
4.986e-06,2.47e-06,6.8e-06,4.846e-06,2.47e-06
5.25e-06,1.79e-06,7.31e-06,5.24e-06,1.79e-06
5.084e-06,1.92e-06,6.92e-06,5.045e-06,1.92e-06
5.147e-06,2.22e-06,7.04e-06,5.035e-06,2.22e-06
5.007e-06,2.491e-06,6.73e-06,4.96e-06,2.491e-06
5.183e-06,2.44e-06,7.33e-06,4.87e-06,2.44e-06
5.243e-06,1.77e-06,7.14e-06,5.34e-06,1.77e-06
5.071e-06,2.33e-06,6.98e-06,4.955e-06,2.33e-06
5.208e-06,2.56e-06,7.44e-06,5.125e-06,2.56e-06
4.967e-06,2.2e-06,6.83e-06,4.855e-06,2.2e-06
5.182e-06,1.86e-06,7.14e-06,4.93e-06,1.86e-06
5.086e-06,2.02e-06,7.03e-06,4.94e-06,2.02e-06
4.974e-06,2.35e-06,6.78e-06,4.75e-06,2.35e-06
5.127e-06,1.94e-06,6.99e-06,5.01e-06,1.94e-06
5.083e-06,2.17e-06,6.91e-06,5e-06,2.17e-06
5.061e-06,2.32e-06,6.721e-06,4.925e-06,2.32e-06
5.052e-06,2.05e-06,6.94e-06,4.93e-06,2.05e-06
5.097e-06,2.36e-06,6.99e-06,5.02e-06,2.36e-06
5.165e-06,2.14e-06,7.45e-06,5.08e-06,2.14e-06
5.161e-06,1.94e-06,7.011e-06,5.11e-06,1.94e-06
5.095e-06,2.1e-06,7.05e-06,5.041e-06,2.1e-06
5.381e-06,1.931e-06,7.46e-06,5.51e-06,1.931e-06
5.059e-06,2.18e-06,6.88e-06,4.865e-06,2.18e-06
5.015e-06,2.09e-06,6.73e-06,4.93e-06,2.09e-06
5.07e-06,2.54e-06,6.991e-06,4.81e-06,2.54e-06
5.14e-06,2.17e-06,7.06e-06,5.02e-06,2.17e-06
5.045e-06,2.41e-06,6.91e-06,4.965e-06,2.41e-06
5.101e-06,2.07e-06,6.91e-06,5.01e-06,2.07e-06
5.095e-06,2.27e-06,7.06e-06,4.87e-06,2.27e-06
5.176e-06,2.24e-06,7.37e-06,5.42e-06,2.24e-06
5.122e-06,2.66e-06,7.21e-06,5.02e-06,2.81e-06
5.123e-06,2.47e-06,7.11e-06,4.9e-06,2.47e-06
5.191e-06,1.93e-06,6.971e-06,5.155e-06,1.93e-06
5.199e-06,2.47e-06,7.19e-06,5.18e-06,2.47e-06
5.141e-06,2.241e-06,6.93e-06,5.37e-06,2.241e-06
5.404e-06,1.92e-06,7.5e-06,5.45e-06,1.92e-06
5.03e-06,2.34e-06,6.84e-06,4.9e-06,2.34e-06
5.003e-06,2.21e-06,6.91e-06,4.76e-06,2.21e-06
5.029e-06,2.37e-06,6.85e-06,4.785e-06,2.37e-06
5.004e-06,2.53e-06,6.79e-06,4.701e-06,2.53e-06
4.811e-06,2.12e-06,6.8e-06,4.491e-06,2.12e-06
5.076e-06,2.26e-06,6.86e-06,4.925e-06,2.26e-06
4.898e-06,2.06e-06,6.73e-06,4.76e-06,2.06e-06
5.325e-06,1.74e-06,7.31e-06,5.255e-06,1.74e-06
5.092e-06,2.28e-06,6.96e-06,4.925e-06,2.28e-06
5.096e-06,1.97e-06,7.12e-06,4.995e-06,1.97e-06
5.003e-06,2.34e-06,6.93e-06,4.945e-06,2.34e-06
5.058e-06,2.41e-06,6.911e-06,4.995e-06,2.41e-06
4.987e-06,2.3e-06,7.03e-06,4.751e-06,2.3e-06
5.002e-06,2.04e-06,6.9e-06,4.97e-06,2.04e-06
5.038e-06,2.22e-06,6.99e-06,4.84e-06,2.22e-06
5.148e-06,1.87e-06,7.2e-06,5.01e-06,1.87e-06
4.903e-06,2.31e-06,6.85e-06,4.55e-06,2.31e-06
5.064e-06,2.02e-06,7e-06,5.06e-06,2.02e-06
5.028e-06,2.08e-06,6.89e-06,4.93e-06,2.08e-06
5.288e-06,2.58e-06,7.211e-06,5.095e-06,2.58e-06
4.777e-06,2.37e-06,6.35e-06,4.47e-06,2.37e-06
5.314e-06,1.84e-06,7.38e-06,5.415e-06,1.84e-06
5.602e-06,2.72e-06,7.64e-06,5.711e-06,3.08e-06
5.395e-06,2.62e-06,7.54e-06,5.355e-06,2.62e-06
5.659e-06,2.07e-06,7.76e-06,5.715e-06,2.07e-06
5.108e-06,2.02e-06,6.99e-06,5.305e-06,2.02e-06
5.248e-06,2.46e-06,7.491e-06,5.25e-06,2.46e-06
5.058e-06,2.23e-06,6.96e-06,5.085e-06,2.23e-06
4.961e-06,2.27e-06,6.66e-06,4.815e-06,2.27e-06
5.252e-06,2.01e-06,7.16e-06,5.36e-06,2.01e-06
5.332e-06,1.86e-06,7.371e-06,5.42e-06,1.86e-06
5.356e-06,1.87e-06,7.31e-06,5.235e-06,1.87e-06
4.876e-06,2.2e-06,6.78e-06,4.41e-06,2.2e-06
5.227e-06,2.74e-06,7.2e-06,5.201e-06,2.74e-06
5.253e-06,2.17e-06,7.211e-06,5.285e-06,2.17e-06
4.949e-06,2.14e-06,6.58e-06,4.835e-06,2.14e-06
5.243e-06,2.58e-06,7.21e-06,5.255e-06,2.58e-06
5.065e-06,2.13e-06,7.2e-06,4.885e-06,2.13e-06
5.19e-06,2.19e-06,7.23e-06,5.275e-06,2.19e-06
5.172e-06,2.02e-06,7.13e-06,5.135e-06,2.02e-06
5.11e-06,2.2e-06,6.86e-06,5.231e-06,2.2e-06
5.2e-06,2.14e-06,7.39e-06,5.15e-06,2.14e-06
5.017e-06,2.09e-06,6.92e-06,4.94e-06,2.09e-06
5.16e-06,1.88e-06,6.99e-06,5.24e-06,1.88e-06
5.115e-06,2.38e-06,7.07e-06,5.111e-06,2.38e-06
4.997e-06,2.521e-06,6.93e-06,4.63e-06,2.521e-06
5.078e-06,2.21e-06,6.98e-06,4.985e-06,2.21e-06
5.369e-06,1.99e-06,7.37e-06,5.425e-06,1.99e-06
5.048e-06,2.16e-06,6.88e-06,4.85e-06,2.16e-06
5.304e-06,2.08e-06,7.471e-06,5.425e-06,2.08e-06
5.041e-06,2.41e-06,6.91e-06,4.985e-06,2.41e-06
5.197e-06,1.92e-06,7.09e-06,5.246e-06,1.92e-06
5.274e-06,2.79e-06,7.09e-06,5.17e-06,2.82e-06
5.284e-06,1.79e-06,7.43e-06,5.285e-06,1.79e-06
5.185e-06,1.92e-06,6.97e-06,5.151e-06,1.92e-06
5.065e-06,2.13e-06,7.08e-06,4.97e-06,2.13e-06
5.104e-06,2.19e-06,7.01e-06,4.975e-06,2.19e-06
5.157e-06,2.12e-06,6.87e-06,5.425e-06,2.12e-06
5.174e-06,2.67e-06,7.16e-06,5.255e-06,2.67e-06
5.051e-06,2.01e-06,7e-06,4.93e-06,2.01e-06
4.902e-06,2.23e-06,6.86e-06,4.675e-06,2.23e-06
5.295e-06,2.12e-06,7.171e-06,5.245e-06,2.12e-06
4.962e-06,2.291e-06,6.64e-06,4.841e-06,2.291e-06
5.072e-06,2.22e-06,7.08e-06,4.95e-06,2.22e-06
5.318e-06,1.84e-06,7.2e-06,5.365e-06,1.84e-06
5.189e-06,2.34e-06,7.09e-06,5.135e-06,2.34e-06
5.047e-06,2.12e-06,6.81e-06,4.935e-06,2.12e-06
5.065e-06,2.09e-06,7.15e-06,4.835e-06,2.09e-06
5.043e-06,2.38e-06,6.94e-06,5.015e-06,2.38e-06
5.465e-06,1.69e-06,7.481e-06,5.42e-06,1.69e-06
5.105e-06,2.34e-06,6.92e-06,5.06e-06,2.34e-06
5.461e-06,1.84e-06,7.43e-06,5.585e-06,1.84e-06
5.241e-06,2.42e-06,7.2e-06,5.285e-06,2.42e-06
5.283e-06,2.55e-06,7.46e-06,5.235e-06,2.55e-06
4.982e-06,2.58e-06,7.23e-06,4.73e-06,2.58e-06
4.897e-06,2.13e-06,6.93e-06,4.7e-06,2.13e-06
5.378e-06,2.59e-06,7.22e-06,5.55e-06,2.83e-06
5.296e-06,2.46e-06,7.28e-06,5.26e-06,2.46e-06
4.971e-06,2.24e-06,6.75e-06,4.84e-06,2.24e-06
5.075e-06,2.591e-06,6.99e-06,4.85e-06,2.591e-06
5.021e-06,2.24e-06,6.9e-06,4.946e-06,2.24e-06
5.21e-06,2.42e-06,7.29e-06,5.345e-06,2.42e-06
5.166e-06,1.88e-06,7.02e-06,5.115e-06,1.88e-06
4.988e-06,2.17e-06,6.77e-06,4.875e-06,2.17e-06
5.06e-06,2.47e-06,6.98e-06,4.965e-06,2.47e-06
5.066e-06,2.23e-06,7.02e-06,4.895e-06,2.23e-06
5.113e-06,2.29e-06,7.07e-06,5.15e-06,2.29e-06
5.116e-06,2.14e-06,6.951e-06,5.055e-06,2.14e-06
5.043e-06,2.3e-06,6.77e-06,4.925e-06,2.3e-06
5.057e-06,2.27e-06,7e-06,4.89e-06,2.27e-06
5.217e-06,1.93e-06,7.26e-06,5.215e-06,1.93e-06
5.036e-06,2.75e-06,6.83e-06,4.89e-06,2.75e-06
5.174e-06,2.241e-06,7.08e-06,5.135e-06,2.241e-06
5.134e-06,2.34e-06,7.03e-06,4.98e-06,2.34e-06
5.259e-06,1.98e-06,7.12e-06,5.295e-06,1.98e-06
5.069e-06,2.05e-06,6.81e-06,4.975e-06,2.05e-06
5.302e-06,1.89e-06,7.16e-06,5.246e-06,1.89e-06
5.21e-06,2.61e-06,7.07e-06,5.405e-06,2.61e-06
5.112e-06,2.03e-06,7.05e-06,5.02e-06,2.03e-06
4.981e-06,2.41e-06,6.79e-06,4.885e-06,2.41e-06
4.963e-06,2.1e-06,6.84e-06,4.93e-06,2.1e-06
5.245e-06,1.81e-06,7.1e-06,5.33e-06,1.81e-06
4.975e-06,2.2e-06,6.901e-06,4.896e-06,2.2e-06
5.123e-06,2.12e-06,7.17e-06,5.05e-06,2.12e-06
4.996e-06,2.62e-06,6.9e-06,5.06e-06,2.62e-06
5.133e-06,2.35e-06,7.04e-06,4.945e-06,2.35e-06
4.982e-06,2.44e-06,6.67e-06,4.94e-06,2.44e-06
5.025e-06,2.14e-06,6.76e-06,4.96e-06,2.14e-06
5.043e-06,1.97e-06,6.92e-06,4.97e-06,1.97e-06
5.079e-06,2.23e-06,6.97e-06,4.96e-06,2.23e-06
4.983e-06,2.14e-06,6.901e-06,4.966e-06,2.14e-06
5.028e-06,2.13e-06,6.95e-06,5.075e-06,2.13e-06
5.306e-06,2.64e-06,7.57e-06,5.26e-06,2.78e-06
5.124e-06,2.43e-06,7.15e-06,5.195e-06,2.43e-06
5.022e-06,2.04e-06,6.91e-06,5.285e-06,2.04e-06
5.155e-06,2.08e-06,7.02e-06,5.235e-06,2.08e-06
5.034e-06,2.37e-06,6.911e-06,4.815e-06,2.37e-06
5.074e-06,2.06e-06,6.72e-06,4.99e-06,2.06e-06
4.916e-06,2.28e-06,6.61e-06,4.69e-06,2.28e-06
5.16e-06,2.06e-06,7.06e-06,5.13e-06,2.06e-06
5.051e-06,2.47e-06,6.94e-06,5.02e-06,2.47e-06
5.219e-06,1.81e-06,7.34e-06,5.255e-06,1.81e-06
5.075e-06,2.23e-06,7.08e-06,4.98e-06,2.23e-06
5.218e-06,1.81e-06,7.2e-06,5.09e-06,1.81e-06
5.562e-06,1.8e-06,7.38e-06,5.506e-06,1.8e-06
4.926e-06,2.01e-06,6.86e-06,4.62e-06,2.01e-06
5.463e-06,1.79e-06,7.3e-06,5.565e-06,1.79e-06
5.412e-06,2.04e-06,7.37e-06,5.44e-06,2.04e-06
5.118e-06,2.6e-06,7.1e-06,5.055e-06,2.6e-06
5.104e-06,2.44e-06,7.21e-06,5.075e-06,2.44e-06
5.288e-06,2.1e-06,7.41e-06,5.54e-06,2.1e-06
5.324e-06,1.79e-06,7.151e-06,5.315e-06,1.79e-06
5.059e-06,2.14e-06,6.8e-06,5.04e-06,2.14e-06
5.283e-06,1.97e-06,7.19e-06,5.295e-06,1.97e-06
5.147e-06,1.92e-06,6.97e-06,4.9e-06,1.92e-06
5.111e-06,1.99e-06,7.02e-06,4.955e-06,1.99e-06
4.962e-06,2.24e-06,6.85e-06,4.79e-06,2.24e-06
5.121e-06,2.16e-06,7.04e-06,4.935e-06,2.16e-06
5.165e-06,2.6e-06,7.21e-06,5.066e-06,2.6e-06
4.975e-06,2.22e-06,6.95e-06,4.835e-06,2.22e-06
5.193e-06,1.89e-06,7.081e-06,5.31e-06,1.89e-06
5.084e-06,2.05e-06,7.01e-06,4.83e-06,2.05e-06
5.266e-06,1.77e-06,6.91e-06,5.461e-06,1.77e-06
5.167e-06,2.02e-06,7.13e-06,5.185e-06,2.02e-06
5.079e-06,2.26e-06,6.82e-06,5.195e-06,2.26e-06
5.325e-06,1.93e-06,7.29e-06,5.38e-06,1.93e-06
5.091e-06,1.95e-06,7.05e-06,4.975e-06,1.95e-06
5.195e-06,1.91e-06,7.14e-06,5.19e-06,1.91e-06
5.385e-06,2.01e-06,7.21e-06,5.485e-06,2.01e-06
5.039e-06,1.82e-06,7.21e-06,4.995e-06,1.82e-06
5.158e-06,2.22e-06,7.22e-06,5.09e-06,2.22e-06
5.169e-06,2.45e-06,7.15e-06,5.08e-06,2.45e-06
5.002e-06,2.291e-06,6.88e-06,4.815e-06,2.291e-06
5.319e-06,2.71e-06,7.37e-06,5.42e-06,2.71e-06
5.27e-06,1.91e-06,7.14e-06,5.25e-06,1.91e-06
5.161e-06,2.5e-06,6.83e-06,5.135e-06,2.5e-06
5.089e-06,2.3e-06,6.96e-06,5.005e-06,2.3e-06
4.98e-06,1.96e-06,6.84e-06,4.795e-06,1.96e-06
5.023e-06,2.3e-06,6.8e-06,4.885e-06,2.3e-06
5.116e-06,2.13e-06,7.08e-06,5.145e-06,2.13e-06
5.29e-06,1.89e-06,7.27e-06,5.395e-06,1.89e-06
4.996e-06,2.77e-06,6.78e-06,4.83e-06,2.77e-06
5.265e-06,2.69e-06,7.19e-06,5.33e-06,2.77e-06
5.167e-06,2.32e-06,7.221e-06,5.25e-06,2.32e-06
5.156e-06,2.43e-06,7e-06,5.24e-06,2.43e-06
6.081e-06,2.08e-06,8.6e-06,6.95e-06,2.08e-06
5.363e-06,2.11e-06,8.23e-06,5.495e-06,2.11e-06
5.052e-06,2.46e-06,6.75e-06,4.826e-06,2.46e-06
4.992e-06,2.23e-06,6.85e-06,4.78e-06,2.23e-06
5.47e-06,1.84e-06,7.46e-06,5.53e-06,1.84e-06
4.906e-06,2.07e-06,6.78e-06,4.71e-06,2.07e-06
4.982e-06,2.2e-06,6.78e-06,4.935e-06,2.2e-06
5.145e-06,2.37e-06,7.17e-06,5.01e-06,2.37e-06
4.997e-06,2.22e-06,6.76e-06,5.065e-06,2.22e-06
5.048e-06,2.52e-06,6.951e-06,5.04e-06,2.52e-06
5.122e-06,2.09e-06,7.18e-06,5.05e-06,2.09e-06
5.188e-06,2.1e-06,7.21e-06,5.17e-06,2.1e-06
5.382e-06,2.02e-06,7.39e-06,5.52e-06,2.02e-06
5.028e-06,2.08e-06,7.001e-06,5.021e-06,2.08e-06
5.181e-06,1.95e-06,7.16e-06,5.06e-06,1.95e-06
5.277e-06,2.66e-06,7.24e-06,5.21e-06,2.66e-06
5.234e-06,1.78e-06,7.16e-06,5.27e-06,1.78e-06
4.997e-06,2.34e-06,7.01e-06,4.855e-06,2.34e-06
5.119e-06,2.06e-06,6.96e-06,5.065e-06,2.06e-06
5.242e-06,2.43e-06,7.05e-06,5.34e-06,2.43e-06
4.962e-06,1.85e-06,7.31e-06,4.985e-06,1.85e-06
5.056e-06,2.061e-06,6.99e-06,4.965e-06,2.061e-06
5.317e-06,1.8e-06,7.19e-06,5.26e-06,1.8e-06
5.077e-06,2.24e-06,6.95e-06,4.915e-06,2.24e-06
5.084e-06,2.08e-06,6.98e-06,5.146e-06,2.08e-06
5.203e-06,2.3e-06,7.12e-06,5.215e-06,2.3e-06
5.052e-06,2.2e-06,6.83e-06,4.92e-06,2.2e-06
5.059e-06,2.27e-06,7.02e-06,4.895e-06,2.27e-06
4.899e-06,2.09e-06,6.781e-06,4.845e-06,2.09e-06
5.024e-06,2.17e-06,6.96e-06,4.965e-06,2.17e-06
5.056e-06,1.96e-06,6.84e-06,4.96e-06,1.96e-06
4.992e-06,2.29e-06,6.84e-06,4.921e-06,2.29e-06
5.017e-06,2.1e-06,6.89e-06,4.96e-06,2.1e-06
5.144e-06,2.55e-06,7e-06,5.205e-06,2.55e-06
5.308e-06,1.89e-06,7.14e-06,5.415e-06,1.89e-06
5.104e-06,2.68e-06,6.98e-06,5.031e-06,2.68e-06
5.058e-06,2.15e-06,6.951e-06,4.945e-06,2.15e-06
5.101e-06,2.67e-06,6.94e-06,5.02e-06,2.77e-06
5.065e-06,2.36e-06,6.98e-06,4.875e-06,2.36e-06
5.327e-06,2.54e-06,7.5e-06,5.4e-06,2.54e-06
5.082e-06,2.26e-06,6.941e-06,4.985e-06,2.26e-06
4.926e-06,2.21e-06,6.74e-06,4.93e-06,2.21e-06
5.072e-06,2.24e-06,7.04e-06,4.885e-06,2.24e-06
5.178e-06,1.98e-06,7.33e-06,5.125e-06,1.98e-06
5.08e-06,2.15e-06,6.93e-06,5.115e-06,2.15e-06
5.126e-06,2.21e-06,7.13e-06,5.1e-06,2.21e-06
5.18e-06,1.89e-06,7.18e-06,5.125e-06,1.89e-06
5.191e-06,2.24e-06,6.82e-06,5.625e-06,2.24e-06
6.533e-06,1.64e-06,8.74e-06,6.87e-06,1.64e-06
5.1e-06,1.99e-06,6.86e-06,5.045e-06,1.99e-06
5.053e-06,1.89e-06,6.89e-06,4.86e-06,1.89e-06
4.988e-06,2.331e-06,6.86e-06,4.685e-06,2.331e-06
5.084e-06,2.41e-06,7.01e-06,5.045e-06,2.41e-06
5.018e-06,2.48e-06,7.12e-06,4.911e-06,2.48e-06
5.074e-06,2.18e-06,6.97e-06,5.05e-06,2.18e-06
4.945e-06,2.33e-06,6.71e-06,4.74e-06,2.33e-06
5.149e-06,2.24e-06,7.02e-06,5.105e-06,2.24e-06
5.034e-06,2.39e-06,6.92e-06,4.886e-06,2.39e-06
5.127e-06,2.16e-06,7e-06,5.145e-06,2.16e-06
5.009e-06,2.82e-06,6.72e-06,5e-06,2.82e-06
5.468e-06,2.61e-06,7.5e-06,5.71e-06,2.8e-06
5.416e-06,2.46e-06,7.47e-06,5.595e-06,3.02e-06
4.939e-06,2.02e-06,6.7e-06,4.88e-06,2.02e-06
5.073e-06,2.13e-06,7.1e-06,5.015e-06,2.13e-06
5.027e-06,2.11e-06,6.85e-06,5.051e-06,2.11e-06
5.121e-06,2.36e-06,6.93e-06,5.075e-06,2.36e-06
5.396e-06,1.82e-06,7.35e-06,5.56e-06,1.82e-06
5.134e-06,2.3e-06,6.98e-06,5.28e-06,2.3e-06
5.2e-06,2.38e-06,7.28e-06,5.225e-06,2.38e-06
5.206e-06,1.99e-06,7.52e-06,5.24e-06,1.99e-06
5.205e-06,2.54e-06,7.45e-06,5.28e-06,2.54e-06
5.035e-06,2.28e-06,6.89e-06,4.811e-06,2.28e-06
5.252e-06,2.05e-06,7.02e-06,5.37e-06,2.05e-06
5.142e-06,2.32e-06,6.99e-06,5.03e-06,2.32e-06
4.993e-06,2.01e-06,6.731e-06,4.83e-06,2.01e-06
5.338e-06,1.99e-06,7.291e-06,5.3e-06,1.99e-06
5.232e-06,1.92e-06,7.13e-06,5.235e-06,1.92e-06
5.271e-06,2.65e-06,7.23e-06,5.135e-06,2.88e-06
5.011e-06,2.15e-06,6.83e-06,4.925e-06,2.15e-06
5.131e-06,2.57e-06,6.99e-06,5.08e-06,2.57e-06
4.991e-06,1.89e-06,6.83e-06,4.781e-06,1.89e-06
5.102e-06,2.091e-06,6.97e-06,5.03e-06,2.091e-06
5.023e-06,2.07e-06,6.93e-06,5.01e-06,2.07e-06
5.12e-06,2.22e-06,7.08e-06,5e-06,2.22e-06
5.117e-06,1.98e-06,7.05e-06,5.055e-06,1.98e-06
4.966e-06,2.18e-06,7.17e-06,4.81e-06,2.18e-06
5.048e-06,1.97e-06,6.83e-06,4.915e-06,1.97e-06
5.126e-06,2.03e-06,6.991e-06,5.115e-06,2.03e-06
4.779e-06,2.66e-06,6.86e-06,5.186e-06,3.341e-06
5.091e-06,2.51e-06,7.12e-06,5.06e-06,2.51e-06
5.123e-06,2.01e-06,6.93e-06,5.22e-06,2.01e-06
5.294e-06,2.36e-06,7.14e-06,5.165e-06,2.36e-06
5.147e-06,2.23e-06,7.12e-06,5.185e-06,2.23e-06
5.01e-06,2.3e-06,6.791e-06,5.09e-06,2.3e-06
5.091e-06,2.21e-06,7.06e-06,5.105e-06,2.21e-06
5.16e-06,2.21e-06,7.23e-06,5.075e-06,2.21e-06
5.014e-06,2.11e-06,6.9e-06,4.82e-06,2.11e-06
5.222e-06,2.52e-06,7.151e-06,5.3e-06,2.52e-06
5.115e-06,1.87e-06,7.06e-06,5.14e-06,1.87e-06
5.184e-06,2.42e-06,7.06e-06,5.185e-06,2.42e-06
5.183e-06,2.16e-06,7.32e-06,5.145e-06,2.16e-06
5.078e-06,2.46e-06,7.04e-06,5.195e-06,2.46e-06
5.325e-06,2.56e-06,7.33e-06,5.346e-06,2.56e-06
5.032e-06,1.98e-06,6.82e-06,4.775e-06,1.98e-06
5.086e-06,2.31e-06,6.91e-06,5.145e-06,2.31e-06
5.047e-06,2.351e-06,6.84e-06,5.17e-06,2.351e-06
5.225e-06,2.35e-06,7.24e-06,5.345e-06,2.35e-06
5.05e-06,2.32e-06,6.86e-06,4.955e-06,2.32e-06
5.047e-06,2.05e-06,6.88e-06,5.08e-06,2.05e-06
5.016e-06,2.22e-06,6.88e-06,4.845e-06,2.22e-06
5.215e-06,2.28e-06,7.28e-06,5.435e-06,2.28e-06
5.106e-06,1.93e-06,7e-06,4.895e-06,1.93e-06
5.372e-06,1.8e-06,7.38e-06,5.6e-06,1.8e-06
5.532e-06,2.61e-06,7.7e-06,5.751e-06,2.8e-06
5.056e-06,2.21e-06,7.33e-06,4.875e-06,2.21e-06
5.144e-06,2.64e-06,7.12e-06,5.03e-06,2.76e-06
5.025e-06,2.15e-06,6.89e-06,5.036e-06,2.15e-06
5.225e-06,1.83e-06,7.25e-06,5.105e-06,1.83e-06
4.956e-06,2.12e-06,6.8e-06,4.975e-06,2.12e-06
5.275e-06,2.1e-06,7.2e-06,5.315e-06,2.1e-06
4.998e-06,2.16e-06,6.82e-06,4.925e-06,2.16e-06
5.054e-06,2.19e-06,6.92e-06,5.065e-06,2.19e-06
5.222e-06,1.84e-06,7.1e-06,5.205e-06,1.84e-06
5.019e-06,2.18e-06,6.87e-06,4.905e-06,2.18e-06
5.057e-06,2.29e-06,7.041e-06,4.925e-06,2.29e-06
5.128e-06,2.24e-06,7.42e-06,4.995e-06,2.24e-06
5.027e-06,2.28e-06,7.03e-06,4.985e-06,2.28e-06
5.17e-06,2.01e-06,7.06e-06,5.14e-06,2.01e-06
4.993e-06,2.23e-06,6.93e-06,4.88e-06,2.23e-06
5.158e-06,2.31e-06,7e-06,5.34e-06,2.31e-06
5.204e-06,2.45e-06,7.11e-06,5.28e-06,2.45e-06
4.975e-06,2.33e-06,6.7e-06,4.915e-06,2.33e-06
5.079e-06,2.37e-06,7.021e-06,4.965e-06,2.37e-06
5.07e-06,2.31e-06,7.221e-06,4.99e-06,2.31e-06
4.954e-06,2.23e-06,7.29e-06,4.755e-06,2.23e-06
5.284e-06,1.76e-06,7.21e-06,5.375e-06,1.76e-06
5.033e-06,2.07e-06,6.821e-06,4.87e-06,2.07e-06
5.277e-06,1.87e-06,7.17e-06,5.66e-06,1.87e-06
5.549e-06,2.55e-06,7.72e-06,5.55e-06,2.9e-06
4.778e-06,2.53e-06,7.1e-06,5.005e-06,2.81e-06
5.397e-06,1.8e-06,7.34e-06,5.49e-06,1.8e-06
5.076e-06,2.21e-06,6.93e-06,5.05e-06,2.21e-06
4.982e-06,2.04e-06,7.05e-06,4.896e-06,2.04e-06
5.23e-06,1.78e-06,7.19e-06,5.3e-06,1.78e-06
5.486e-06,2.54e-06,7.55e-06,5.586e-06,2.85e-06
5.245e-06,2.17e-06,7.1e-06,5.25e-06,2.17e-06
5.188e-06,2.38e-06,7.08e-06,5.215e-06,2.38e-06
5.065e-06,2.05e-06,6.99e-06,5.01e-06,2.05e-06
5.178e-06,2.46e-06,7.171e-06,5.215e-06,2.46e-06
5.527e-06,2.13e-06,7.83e-06,5.605e-06,2.13e-06
4.902e-06,2.13e-06,6.69e-06,4.58e-06,2.13e-06
5.036e-06,2.68e-06,7.03e-06,5.06e-06,2.68e-06
5.098e-06,2.301e-06,7.2e-06,4.975e-06,2.301e-06
5.016e-06,2.37e-06,6.91e-06,5.121e-06,2.37e-06
5.304e-06,2.2e-06,7.4e-06,5.475e-06,2.2e-06
5.137e-06,2.05e-06,7.091e-06,5.22e-06,2.05e-06
4.959e-06,2.31e-06,6.911e-06,4.855e-06,2.31e-06
5.276e-06,1.84e-06,7.35e-06,5.415e-06,1.84e-06
5.193e-06,1.83e-06,7.21e-06,5.031e-06,1.83e-06
5.238e-06,1.91e-06,7.121e-06,5.225e-06,1.91e-06
5.177e-06,2.22e-06,7.07e-06,5.211e-06,2.22e-06
5.616e-06,2.18e-06,7.61e-06,5.685e-06,3.53e-06
5.182e-06,1.97e-06,7.07e-06,5.085e-06,1.97e-06
5.068e-06,2.21e-06,6.941e-06,5.03e-06,2.21e-06
5.312e-06,1.97e-06,7.37e-06,5.36e-06,1.97e-06
5.093e-06,1.93e-06,6.94e-06,5.125e-06,1.93e-06
5.024e-06,2.26e-06,6.74e-06,5.03e-06,2.26e-06
5.055e-06,2.31e-06,6.821e-06,4.996e-06,2.31e-06
5.096e-06,2.1e-06,7.04e-06,5.12e-06,2.1e-06
5.003e-06,2.2e-06,6.79e-06,4.995e-06,2.2e-06
5.169e-06,2.3e-06,6.97e-06,5.245e-06,2.3e-06
5e-06,2.2e-06,6.871e-06,5.056e-06,2.2e-06
5.23e-06,2.51e-06,7.26e-06,5.176e-06,2.51e-06
5.145e-06,2.23e-06,7.11e-06,4.99e-06,2.23e-06
5.022e-06,2.55e-06,6.79e-06,4.955e-06,2.55e-06
4.98e-06,2.34e-06,6.89e-06,4.95e-06,2.34e-06
5.187e-06,2.23e-06,7.04e-06,5.07e-06,2.23e-06
5.025e-06,2.26e-06,6.72e-06,5.02e-06,2.26e-06
5.641e-06,1.75e-06,7.6e-06,5.815e-06,1.75e-06
4.965e-06,1.96e-06,6.75e-06,4.805e-06,1.96e-06
5.122e-06,2.36e-06,7.16e-06,4.895e-06,2.36e-06
5.22e-06,1.87e-06,7.14e-06,5.266e-06,1.87e-06
5.105e-06,1.971e-06,6.97e-06,4.95e-06,1.971e-06
5.02e-06,1.92e-06,6.78e-06,4.775e-06,1.92e-06
4.983e-06,2.09e-06,6.7e-06,4.79e-06,2.09e-06
5.222e-06,2.06e-06,7.1e-06,5.545e-06,2.06e-06
5.472e-06,2.48e-06,7.661e-06,5.745e-06,2.48e-06
5.529e-06,2.43e-06,7.75e-06,5.65e-06,2.93e-06
5.018e-06,2.24e-06,7.21e-06,4.79e-06,2.24e-06
5.07e-06,2.43e-06,6.96e-06,4.976e-06,2.43e-06
4.971e-06,2.32e-06,6.561e-06,4.97e-06,2.32e-06
4.964e-06,2.62e-06,6.88e-06,4.845e-06,2.62e-06
5.076e-06,2e-06,6.91e-06,5.1e-06,2e-06
5.076e-06,2.16e-06,7.05e-06,5.015e-06,2.16e-06
5.386e-06,1.71e-06,7.341e-06,5.35e-06,1.71e-06
5.189e-06,1.91e-06,7.06e-06,5.061e-06,1.91e-06
5.179e-06,2.41e-06,7.18e-06,5.265e-06,2.41e-06
5.078e-06,2.62e-06,6.96e-06,5.225e-06,2.62e-06
4.894e-06,2.01e-06,6.83e-06,4.66e-06,2.01e-06
5.027e-06,2.22e-06,6.85e-06,4.88e-06,2.22e-06
5.032e-06,2.24e-06,6.91e-06,4.951e-06,2.24e-06
4.934e-06,2.08e-06,6.85e-06,4.775e-06,2.08e-06
5.089e-06,2.1e-06,7.32e-06,4.91e-06,2.1e-06
4.996e-06,2.37e-06,6.89e-06,5.04e-06,2.37e-06
5.045e-06,2.03e-06,7e-06,4.885e-06,2.03e-06
5.04e-06,1.95e-06,6.77e-06,4.98e-06,1.95e-06
5.027e-06,2.24e-06,6.92e-06,4.85e-06,2.24e-06
4.94e-06,2.15e-06,6.67e-06,4.83e-06,2.15e-06
4.863e-06,2.07e-06,6.9e-06,4.735e-06,2.07e-06
5.036e-06,2.46e-06,7.1e-06,4.845e-06,2.46e-06
5.345e-06,2.21e-06,7.61e-06,5.55e-06,2.21e-06
5.188e-06,2.59e-06,7.23e-06,5.125e-06,2.84e-06
5.205e-06,2.341e-06,7.21e-06,5.385e-06,2.341e-06
5.383e-06,1.72e-06,7.34e-06,5.4e-06,1.72e-06
5.053e-06,2.35e-06,6.75e-06,4.93e-06,2.35e-06
5.597e-06,1.73e-06,7.58e-06,5.59e-06,1.73e-06
5.06e-06,2.14e-06,6.8e-06,5.02e-06,2.14e-06
5.168e-06,2.31e-06,7.2e-06,5.1e-06,2.31e-06
5.044e-06,2.04e-06,6.95e-06,4.95e-06,2.04e-06
5.51e-06,1.75e-06,7.56e-06,5.67e-06,1.75e-06
5.047e-06,2.36e-06,6.96e-06,4.905e-06,2.36e-06
5.093e-06,2.19e-06,6.9e-06,5.07e-06,2.19e-06
5.326e-06,2.64e-06,7.27e-06,5.405e-06,2.78e-06
5.074e-06,2.41e-06,6.95e-06,5.11e-06,2.41e-06
5.268e-06,1.91e-06,7.271e-06,5.335e-06,1.91e-06
5.029e-06,2.23e-06,6.88e-06,4.99e-06,2.23e-06
5.302e-06,1.99e-06,7.22e-06,5.29e-06,1.99e-06
5.217e-06,2.68e-06,7.09e-06,5.105e-06,2.68e-06
4.976e-06,2.23e-06,7.28e-06,4.651e-06,2.23e-06
4.957e-06,2.3e-06,6.621e-06,4.88e-06,2.3e-06
5.044e-06,1.97e-06,6.69e-06,4.915e-06,1.97e-06
5.195e-06,1.91e-06,7.24e-06,5.07e-06,1.91e-06
5.069e-06,2.12e-06,7.051e-06,4.995e-06,2.12e-06
5.007e-06,2.47e-06,6.79e-06,4.915e-06,2.47e-06
5.165e-06,2.42e-06,7.23e-06,5.115e-06,2.42e-06
4.984e-06,2.28e-06,6.73e-06,4.945e-06,2.28e-06
5.377e-06,2.37e-06,7.37e-06,5.49e-06,2.37e-06
5.112e-06,2.39e-06,6.88e-06,5.16e-06,2.39e-06
5.263e-06,1.93e-06,7.14e-06,5.405e-06,1.93e-06
4.835e-06,2.31e-06,6.41e-06,4.64e-06,2.31e-06
5.288e-06,1.84e-06,7.27e-06,5.355e-06,1.84e-06
5.088e-06,2e-06,6.87e-06,5.03e-06,2e-06
5.146e-06,1.961e-06,7.15e-06,5.12e-06,1.961e-06
5.013e-06,2.22e-06,6.85e-06,4.905e-06,2.22e-06
5.249e-06,2.3e-06,7.2e-06,5.355e-06,2.3e-06
5.13e-06,1.96e-06,6.9e-06,5.23e-06,1.96e-06
5.121e-06,2.33e-06,6.91e-06,5e-06,2.33e-06
5.171e-06,2.35e-06,7.111e-06,4.885e-06,2.35e-06
5.202e-06,2.28e-06,7.14e-06,5.275e-06,2.28e-06
5.041e-06,2.16e-06,6.87e-06,5.05e-06,2.16e-06
5.56e-06,1.67e-06,7.56e-06,5.71e-06,1.67e-06
5.017e-06,2.2e-06,6.85e-06,4.915e-06,2.2e-06
5.03e-06,2.05e-06,7.11e-06,4.95e-06,2.05e-06
4.916e-06,2.29e-06,6.82e-06,4.8e-06,2.29e-06
5.021e-06,2.07e-06,6.9e-06,5.035e-06,2.07e-06
5.611e-06,1.71e-06,7.62e-06,5.83e-06,1.71e-06
5.204e-06,2.52e-06,7.11e-06,5.28e-06,2.52e-06
5.128e-06,2.39e-06,7.11e-06,5.15e-06,2.39e-06
5.245e-06,1.92e-06,7.18e-06,5.25e-06,1.92e-06
5.037e-06,2.23e-06,6.87e-06,4.935e-06,2.23e-06
5.276e-06,1.83e-06,7.26e-06,5.39e-06,1.83e-06
5.068e-06,2.1e-06,6.89e-06,4.985e-06,2.1e-06
5.37e-06,2.66e-06,7.311e-06,5.415e-06,2.93e-06
5.196e-06,2.66e-06,7.09e-06,5.17e-06,2.66e-06
5.288e-06,1.97e-06,7.17e-06,5.465e-06,1.97e-06
5.072e-06,2.24e-06,6.8e-06,5.22e-06,2.24e-06
4.84e-06,2.05e-06,6.78e-06,4.535e-06,2.05e-06
5.165e-06,2.34e-06,7.15e-06,5.15e-06,2.34e-06
5.7e-06,2.26e-06,1.287e-05,4.875e-06,2.26e-06
6.538e-06,1.93e-06,1.112e-05,6.63e-06,4.97e-06
5.097e-06,2.39e-06,6.93e-06,5.235e-06,2.39e-06
5.588e-06,2.2e-06,7.74e-06,5.845e-06,3.12e-06
5.03e-06,2.06e-06,6.92e-06,4.93e-06,2.06e-06
5.078e-06,2.24e-06,7.01e-06,5.01e-06,2.24e-06
5.112e-06,1.97e-06,7.11e-06,5.011e-06,1.97e-06
5.121e-06,2.05e-06,6.99e-06,5.085e-06,2.05e-06
5.071e-06,2.2e-06,6.99e-06,5.041e-06,2.2e-06
5.408e-06,1.82e-06,7.26e-06,5.465e-06,1.82e-06
5.048e-06,2.1e-06,7e-06,4.945e-06,2.1e-06
5.144e-06,1.93e-06,7.03e-06,5.17e-06,1.93e-06
5.224e-06,1.841e-06,7.16e-06,5.17e-06,1.841e-06
5.06e-06,2.16e-06,6.88e-06,5.055e-06,2.16e-06
5.131e-06,1.92e-06,6.97e-06,5.155e-06,1.92e-06
5.423e-06,1.88e-06,7.42e-06,5.346e-06,1.88e-06
5.144e-06,1.92e-06,7e-06,5.14e-06,1.92e-06
5.116e-06,1.89e-06,7.03e-06,5.1e-06,1.89e-06
5.067e-06,2.09e-06,6.97e-06,5.07e-06,2.09e-06
5.09e-06,2.47e-06,6.941e-06,4.97e-06,2.47e-06
5.331e-06,1.81e-06,7.29e-06,5.406e-06,1.81e-06
5.028e-06,2.04e-06,6.81e-06,4.97e-06,2.04e-06
5.207e-06,2.22e-06,7.08e-06,5.23e-06,2.22e-06
5.108e-06,2.31e-06,6.96e-06,5.06e-06,2.31e-06
5.307e-06,1.7e-06,7.231e-06,5.4e-06,1.7e-06
5.276e-06,2.06e-06,7.28e-06,5.195e-06,2.06e-06
5.536e-06,1.86e-06,7.48e-06,5.76e-06,1.86e-06
5.211e-06,2.31e-06,6.97e-06,5.185e-06,2.31e-06
5.348e-06,1.86e-06,7.42e-06,5.26e-06,1.86e-06
5.079e-06,2.411e-06,7.36e-06,4.95e-06,2.411e-06
5.077e-06,2.01e-06,6.93e-06,5.005e-06,2.01e-06
5.294e-06,2.48e-06,7.171e-06,5.285e-06,2.48e-06
5.236e-06,2.1e-06,7.23e-06,5.24e-06,2.1e-06
4.915e-06,2e-06,6.74e-06,4.985e-06,2e-06
5.231e-06,2.54e-06,7.22e-06,5.131e-06,2.54e-06
5.048e-06,2.57e-06,6.91e-06,5.015e-06,2.57e-06
5.146e-06,2.08e-06,7.09e-06,5.155e-06,2.08e-06
4.998e-06,2.21e-06,7.01e-06,4.95e-06,2.21e-06
5.16e-06,2.19e-06,7.08e-06,5.125e-06,2.19e-06
4.987e-06,2.06e-06,6.83e-06,4.935e-06,2.06e-06
5.506e-06,1.75e-06,7.53e-06,5.63e-06,1.75e-06
5.261e-06,1.92e-06,7.21e-06,5.085e-06,1.92e-06
5.089e-06,1.99e-06,7.01e-06,5.03e-06,1.99e-06
5.106e-06,1.97e-06,6.9e-06,5.245e-06,1.97e-06
5.295e-06,2.67e-06,7.31e-06,5.281e-06,2.68e-06
5.11e-06,2.62e-06,6.91e-06,4.86e-06,2.62e-06
4.962e-06,2.2e-06,6.66e-06,4.81e-06,2.2e-06
4.989e-06,2.61e-06,7.151e-06,4.72e-06,2.61e-06
5.047e-06,2.22e-06,7.09e-06,4.86e-06,2.22e-06
4.931e-06,2.35e-06,6.64e-06,4.84e-06,2.35e-06
4.995e-06,2.42e-06,6.79e-06,4.855e-06,2.42e-06
5.064e-06,1.98e-06,6.95e-06,4.94e-06,1.98e-06
5.061e-06,2.34e-06,6.91e-06,5.015e-06,2.34e-06
5.228e-06,2.06e-06,7.04e-06,5.231e-06,2.06e-06
5.068e-06,2.04e-06,6.901e-06,4.94e-06,2.04e-06
5.036e-06,2.12e-06,6.93e-06,4.965e-06,2.12e-06
4.983e-06,2.26e-06,6.96e-06,4.83e-06,2.26e-06
5.257e-06,1.98e-06,7.33e-06,5.3e-06,1.98e-06
4.981e-06,2.23e-06,6.82e-06,4.87e-06,2.23e-06
5.076e-06,2.32e-06,7.04e-06,4.925e-06,2.32e-06
4.993e-06,2.26e-06,7e-06,4.815e-06,2.26e-06
5.082e-06,2.18e-06,6.98e-06,5.155e-06,2.18e-06
5.179e-06,2.27e-06,7.021e-06,5.215e-06,2.27e-06
5.209e-06,1.88e-06,7.1e-06,5.145e-06,1.88e-06
5.341e-06,2.2e-06,7.46e-06,5.42e-06,2.2e-06
5.074e-06,2.16e-06,7.08e-06,4.975e-06,2.16e-06
5.178e-06,2.21e-06,7.16e-06,5.26e-06,2.21e-06
5.122e-06,2.05e-06,6.95e-06,5.095e-06,2.05e-06
5.133e-06,1.87e-06,6.98e-06,5.075e-06,1.87e-06
4.951e-06,1.96e-06,6.72e-06,4.855e-06,1.96e-06
4.927e-06,2e-06,7.101e-06,4.67e-06,2e-06
5.063e-06,2.14e-06,6.88e-06,5.075e-06,2.14e-06
5.204e-06,2.421e-06,7.04e-06,5.475e-06,2.421e-06
5.64e-06,2.16e-06,7.87e-06,5.85e-06,3.24e-06
5.157e-06,1.86e-06,6.97e-06,4.94e-06,1.86e-06
5.024e-06,2.33e-06,6.9e-06,4.89e-06,2.33e-06
5.255e-06,1.97e-06,7.07e-06,5.356e-06,1.97e-06
5.118e-06,2.27e-06,7e-06,5.115e-06,2.27e-06
5.177e-06,1.92e-06,7.13e-06,5.03e-06,1.92e-06
4.992e-06,2.93e-06,6.88e-06,5.16e-06,2.93e-06
5.28e-06,2.01e-06,7.13e-06,5.205e-06,2.01e-06
5.248e-06,2.49e-06,7.48e-06,5.31e-06,2.49e-06
5.171e-06,2.67e-06,7.2e-06,5.195e-06,2.67e-06
5.052e-06,2.11e-06,7e-06,4.955e-06,2.11e-06
5.053e-06,2.49e-06,6.891e-06,5.005e-06,2.49e-06
5.048e-06,2.13e-06,6.83e-06,5.006e-06,2.13e-06
5.096e-06,2e-06,6.97e-06,5.085e-06,2e-06
5.046e-06,2.52e-06,6.95e-06,4.79e-06,2.52e-06
5.269e-06,2.58e-06,7.27e-06,5.33e-06,2.58e-06
5.322e-06,1.95e-06,7.24e-06,5.4e-06,1.95e-06
5.131e-06,1.88e-06,7.12e-06,4.995e-06,1.88e-06
5.217e-06,2.03e-06,7.21e-06,5.13e-06,2.03e-06
5.047e-06,2.27e-06,7.23e-06,4.91e-06,2.27e-06
5.282e-06,2.15e-06,7.39e-06,5.27e-06,2.15e-06
5.033e-06,2.09e-06,6.95e-06,5.07e-06,2.09e-06
5.089e-06,1.9e-06,7.34e-06,5.075e-06,1.9e-06
5.279e-06,1.95e-06,7.24e-06,5.46e-06,1.95e-06
5.005e-06,2.25e-06,6.79e-06,4.955e-06,2.25e-06
5.128e-06,2.34e-06,7.251e-06,4.995e-06,2.34e-06
5.11e-06,2.02e-06,7.05e-06,5.075e-06,2.02e-06
5.244e-06,2.38e-06,7.29e-06,5.28e-06,2.38e-06
5.156e-06,2.4e-06,6.95e-06,5.121e-06,2.4e-06
5.125e-06,2.141e-06,6.95e-06,5.06e-06,2.141e-06
4.88e-06,2.38e-06,6.66e-06,4.59e-06,2.38e-06
5.147e-06,2.43e-06,7.22e-06,4.96e-06,2.43e-06
4.989e-06,2.2e-06,6.76e-06,5.05e-06,2.2e-06
5.466e-06,2.65e-06,7.68e-06,5.495e-06,2.65e-06
5.416e-06,2.54e-06,7.69e-06,5.37e-06,2.54e-06
5.434e-06,2.67e-06,7.55e-06,5.375e-06,2.67e-06
5.442e-06,2.501e-06,7.76e-06,5.495e-06,2.501e-06
5.658e-06,2.71e-06,8.17e-06,5.595e-06,2.89e-06
6.937e-06,2.06e-06,9.66e-06,7.62e-06,2.06e-06
5.405e-06,2.26e-06,7.87e-06,5.225e-06,2.26e-06
5.887e-06,2.2e-06,8.26e-06,6.185e-06,3.5e-06
5.399e-06,2.67e-06,7.75e-06,5.31e-06,2.67e-06
5.66e-06,2.59e-06,7.81e-06,5.56e-06,3.42e-06
5.628e-06,2.63e-06,7.8e-06,5.935e-06,2.63e-06
5.53e-06,2.38e-06,7.82e-06,5.695e-06,2.38e-06
5.648e-06,2.58e-06,7.89e-06,5.735e-06,2.89e-06
5.702e-06,2.75e-06,8.1e-06,5.68e-06,2.75e-06
5.371e-06,2.68e-06,7.66e-06,5.336e-06,2.68e-06
5.581e-06,2.56e-06,7.69e-06,6.03e-06,2.56e-06
5.817e-06,2.49e-06,8.11e-06,6.05e-06,3.09e-06
5.739e-06,2.83e-06,8.04e-06,6.01e-06,2.83e-06
5.526e-06,2.75e-06,7.8e-06,5.785e-06,2.88e-06
5.494e-06,2.26e-06,7.75e-06,5.62e-06,2.26e-06
5.671e-06,2.45e-06,7.79e-06,5.73e-06,3.13e-06
5.419e-06,2.45e-06,7.35e-06,5.475e-06,2.45e-06
5.425e-06,2.75e-06,7.41e-06,5.61e-06,2.75e-06
5.46e-06,2.04e-06,7.56e-06,5.42e-06,2.04e-06
5.814e-06,2.55e-06,8.3e-06,6.081e-06,2.87e-06
5.75e-06,2.71e-06,8.18e-06,5.96e-06,2.71e-06
5.358e-06,2.57e-06,7.71e-06,5.405e-06,2.57e-06
5.555e-06,2.49e-06,7.84e-06,5.66e-06,3.051e-06
5.292e-06,2.74e-06,7.5e-06,5.31e-06,2.74e-06
5.292e-06,2.58e-06,7.46e-06,5.315e-06,2.58e-06
5.449e-06,2.72e-06,7.53e-06,5.62e-06,2.77e-06
5.232e-06,2.651e-06,7.21e-06,5.075e-06,2.651e-06
5.436e-06,2.59e-06,7.601e-06,5.415e-06,2.59e-06
5.712e-06,2.52e-06,8.06e-06,5.82e-06,3.05e-06
5.284e-06,2.55e-06,7.35e-06,5.125e-06,2.55e-06
5.698e-06,2.4e-06,8.05e-06,5.735e-06,3.221e-06
5.758e-06,2.31e-06,8.19e-06,5.841e-06,3.21e-06
5.309e-06,2.73e-06,7.32e-06,5.405e-06,2.75e-06
5.553e-06,2.69e-06,7.78e-06,5.61e-06,2.89e-06
5.514e-06,2.47e-06,7.921e-06,5.57e-06,3.14e-06
5.226e-06,2.71e-06,7.48e-06,5.135e-06,2.71e-06
5.279e-06,2.66e-06,7.12e-06,5.255e-06,2.66e-06
5.519e-06,2.56e-06,7.76e-06,5.72e-06,2.56e-06
5.508e-06,2.64e-06,7.74e-06,5.47e-06,3e-06
5.512e-06,2.77e-06,7.98e-06,5.66e-06,2.77e-06
5.355e-06,2.99e-06,7.14e-06,5.52e-06,2.99e-06
5.628e-06,2.76e-06,7.911e-06,5.865e-06,2.89e-06
5.41e-06,2.89e-06,7.66e-06,5.315e-06,2.89e-06
5.358e-06,2.79e-06,7.66e-06,5.55e-06,2.79e-06
5.452e-06,2.74e-06,7.67e-06,5.465e-06,2.74e-06
5.646e-06,2.611e-06,7.91e-06,5.95e-06,2.93e-06
5.276e-06,2.23e-06,7.52e-06,5.29e-06,2.23e-06
5.141e-06,2.52e-06,7.33e-06,4.99e-06,2.52e-06
6.164e-06,2.11e-06,8.7e-06,6.515e-06,3.76e-06
5.243e-06,2.61e-06,6.99e-06,5.315e-06,2.61e-06
5.388e-06,2.78e-06,7.57e-06,5.215e-06,2.78e-06
5.642e-06,2.67e-06,8.11e-06,5.86e-06,2.67e-06
5.599e-06,2.44e-06,7.64e-06,5.79e-06,3.11e-06
5.658e-06,2.63e-06,8e-06,5.931e-06,2.63e-06
5.528e-06,2.79e-06,7.83e-06,5.595e-06,2.79e-06
5.56e-06,2.63e-06,8.05e-06,5.505e-06,2.84e-06
5.667e-06,2.48e-06,8.16e-06,5.805e-06,3.08e-06
5.728e-06,2.38e-06,7.95e-06,5.796e-06,3.15e-06
5.378e-06,2.34e-06,7.41e-06,5.46e-06,2.34e-06
6.071e-06,2.03e-06,8.46e-06,6.495e-06,3.76e-06
5.446e-06,2.71e-06,7.73e-06,5.385e-06,3.03e-06
5.319e-06,2.72e-06,7.3e-06,5.23e-06,2.72e-06
5.49e-06,2.81e-06,7.69e-06,5.631e-06,2.85e-06
5.329e-06,2.37e-06,7.51e-06,5.455e-06,2.37e-06
5.506e-06,2.62e-06,7.92e-06,5.48e-06,2.91e-06
5.292e-06,2.44e-06,7.68e-06,5.28e-06,2.44e-06
5.518e-06,2.78e-06,7.87e-06,5.625e-06,2.78e-06
5.557e-06,2.66e-06,7.73e-06,5.78e-06,3.24e-06
5.553e-06,2.58e-06,7.96e-06,5.61e-06,2.58e-06
5.331e-06,2.3e-06,7.41e-06,5.37e-06,2.3e-06
5.215e-06,3.04e-06,7.01e-06,5.18e-06,3.04e-06
5.421e-06,2.7e-06,7.26e-06,5.565e-06,2.9e-06
5.773e-06,2.31e-06,7.92e-06,5.985e-06,2.31e-06
5.426e-06,2.17e-06,7.49e-06,5.395e-06,2.17e-06
9.911e-06,2.05e-06,1.599e-05,1.004e-05,1.066e-05
5.579e-06,2.84e-06,7.63e-06,5.57e-06,2.84e-06
5.816e-06,2.44e-06,8.05e-06,5.965e-06,3.23e-06
5.389e-06,2.43e-06,7.45e-06,5.47e-06,2.43e-06
5.383e-06,2.71e-06,7.65e-06,5.385e-06,2.94e-06
5.319e-06,2.64e-06,7.44e-06,5.181e-06,2.64e-06
5.444e-06,2.47e-06,7.71e-06,5.405e-06,2.47e-06
5.541e-06,2.92e-06,7.78e-06,5.495e-06,2.92e-06
5.38e-06,2.79e-06,7.82e-06,5.26e-06,2.82e-06
5.467e-06,2.62e-06,7.52e-06,5.535e-06,2.62e-06
5.32e-06,2.56e-06,7.45e-06,5.166e-06,2.56e-06
5.29e-06,2.61e-06,7.52e-06,5.105e-06,2.61e-06
5.295e-06,2.27e-06,7.53e-06,5.25e-06,2.27e-06
5.313e-06,2.32e-06,7.64e-06,5.14e-06,2.32e-06
5.443e-06,2.27e-06,7.7e-06,5.52e-06,2.27e-06
5.607e-06,2.82e-06,7.75e-06,5.73e-06,2.92e-06
5.49e-06,2.38e-06,8e-06,5.53e-06,2.38e-06
6.156e-06,2.04e-06,8.661e-06,6.456e-06,3.86e-06
5.434e-06,2.78e-06,7.43e-06,5.315e-06,2.85e-06
5.293e-06,2.34e-06,7.17e-06,5.39e-06,2.34e-06
5.482e-06,2.76e-06,7.68e-06,5.395e-06,2.76e-06
5.487e-06,2.79e-06,7.67e-06,5.655e-06,2.8e-06
5.791e-06,2.69e-06,8.26e-06,5.935e-06,2.94e-06
5.244e-06,2.56e-06,7.15e-06,5.6e-06,2.56e-06
5.523e-06,2.83e-06,7.77e-06,5.63e-06,2.83e-06
5.404e-06,2.72e-06,7.56e-06,5.605e-06,2.72e-06
5.726e-06,2.72e-06,8.13e-06,5.815e-06,2.93e-06
5.652e-06,2.59e-06,8e-06,5.861e-06,3.06e-06
5.463e-06,2.71e-06,7.59e-06,5.55e-06,2.81e-06
5.367e-06,2.6e-06,7.6e-06,5.245e-06,2.6e-06
5.358e-06,2.55e-06,7.56e-06,5.325e-06,2.55e-06
5.365e-06,2.65e-06,7.52e-06,5.265e-06,2.97e-06
5.432e-06,2.38e-06,7.73e-06,5.505e-06,2.38e-06
5.506e-06,2.66e-06,7.67e-06,5.65e-06,2.82e-06
5.415e-06,2.53e-06,7.63e-06,5.406e-06,2.53e-06
5.428e-06,2.68e-06,7.57e-06,5.7e-06,2.68e-06
5.508e-06,2.69e-06,7.68e-06,5.6e-06,2.87e-06
5.542e-06,2.48e-06,7.69e-06,5.655e-06,2.48e-06
5.422e-06,2.69e-06,7.56e-06,5.485e-06,2.94e-06
5.448e-06,2.71e-06,7.831e-06,5.505e-06,2.8e-06
5.421e-06,2.51e-06,7.6e-06,5.5e-06,2.51e-06
5.43e-06,2.38e-06,7.41e-06,5.571e-06,2.38e-06
5.476e-06,2.56e-06,7.78e-06,5.44e-06,2.56e-06
5.322e-06,2.18e-06,7.46e-06,5.52e-06,2.18e-06
5.402e-06,2.23e-06,7.93e-06,5.385e-06,2.23e-06
5.645e-06,2.63e-06,8.03e-06,5.651e-06,3.061e-06
5.494e-06,2.64e-06,7.47e-06,5.715e-06,2.64e-06
5.382e-06,2.68e-06,7.49e-06,5.4e-06,2.8e-06
5.357e-06,2.68e-06,7.38e-06,5.361e-06,2.68e-06
5.323e-06,2.581e-06,7.57e-06,5.3e-06,2.581e-06
5.39e-06,2.63e-06,7.5e-06,5.545e-06,2.63e-06
5.446e-06,2.69e-06,7.69e-06,5.575e-06,2.69e-06
5.292e-06,2.28e-06,7.37e-06,5.21e-06,2.28e-06
5.496e-06,2.63e-06,7.69e-06,5.56e-06,2.861e-06
5.413e-06,2.03e-06,7.44e-06,5.611e-06,2.03e-06
5.354e-06,2.69e-06,7.63e-06,5.475e-06,2.69e-06
5.26e-06,2.4e-06,7.33e-06,5.17e-06,2.4e-06
5.524e-06,2.73e-06,7.71e-06,5.6e-06,2.83e-06
5.455e-06,2.52e-06,7.76e-06,5.46e-06,2.52e-06
5.374e-06,2.6e-06,7.46e-06,5.425e-06,2.6e-06
5.26e-06,2.34e-06,7.53e-06,5.235e-06,2.34e-06
5.436e-06,2.58e-06,7.85e-06,5.365e-06,2.93e-06
5.678e-06,2.7e-06,7.95e-06,5.82e-06,2.9e-06
5.531e-06,2.76e-06,7.71e-06,5.581e-06,2.79e-06
5.294e-06,2.3e-06,7.52e-06,5.215e-06,2.3e-06
5.242e-06,2.66e-06,7.29e-06,5.105e-06,2.66e-06
5.464e-06,2.6e-06,7.63e-06,5.485e-06,2.6e-06
5.271e-06,2.42e-06,7.25e-06,5.165e-06,2.42e-06
5.213e-06,2.39e-06,7.07e-06,5.28e-06,2.39e-06
5.476e-06,2.41e-06,7.65e-06,5.62e-06,2.97e-06
5.517e-06,2.59e-06,7.86e-06,5.435e-06,2.59e-06
5.814e-06,2.32e-06,8.27e-06,6.095e-06,3.26e-06
6.014e-06,2.19e-06,8.53e-06,6.316e-06,3.55e-06
5.636e-06,2.53e-06,8.05e-06,5.85e-06,2.98e-06
5.39e-06,2.68e-06,7.27e-06,5.58e-06,2.68e-06
5.296e-06,2.6e-06,7.291e-06,5.135e-06,2.6e-06
5.423e-06,2.631e-06,7.53e-06,5.465e-06,2.9e-06
5.406e-06,2.71e-06,7.49e-06,5.425e-06,2.75e-06
5.434e-06,2.06e-06,7.75e-06,5.545e-06,2.06e-06
5.838e-06,2.48e-06,7.95e-06,6.001e-06,3.16e-06
5.436e-06,2.24e-06,7.26e-06,5.8e-06,2.24e-06
5.461e-06,2.44e-06,7.65e-06,5.525e-06,2.44e-06
5.393e-06,2.15e-06,7.55e-06,5.35e-06,2.15e-06
5.371e-06,2.44e-06,7.89e-06,5.8e-06,4e-06
5.369e-06,2.15e-06,7.56e-06,5.4e-06,2.15e-06
5.579e-06,2.56e-06,7.94e-06,5.555e-06,2.97e-06
5.495e-06,2.79e-06,7.83e-06,5.505e-06,2.85e-06
5.331e-06,2.61e-06,7.5e-06,5.325e-06,2.61e-06
5.285e-06,2.79e-06,7.54e-06,5.11e-06,2.79e-06
5.278e-06,2.67e-06,7.291e-06,5.286e-06,2.67e-06
5.455e-06,2.68e-06,7.74e-06,5.515e-06,2.8e-06
5.522e-06,2.64e-06,7.61e-06,5.565e-06,2.98e-06
5.539e-06,2.71e-06,7.71e-06,5.8e-06,2.71e-06
5.999e-06,2.06e-06,8.33e-06,6.36e-06,3.4e-06
5.387e-06,2.26e-06,7.28e-06,5.58e-06,2.26e-06
5.506e-06,2.07e-06,7.79e-06,5.57e-06,2.07e-06
5.327e-06,2.73e-06,7.28e-06,5.201e-06,2.73e-06
5.317e-06,2.69e-06,7.18e-06,5.37e-06,2.75e-06
5.239e-06,2.34e-06,7.35e-06,5.186e-06,2.34e-06
5.34e-06,2.5e-06,7.46e-06,5.61e-06,2.5e-06
5.315e-06,1.94e-06,7.43e-06,5.415e-06,1.94e-06
5.307e-06,2.56e-06,7.66e-06,5.28e-06,2.56e-06
5.277e-06,2.33e-06,7.55e-06,5.085e-06,2.33e-06
5.318e-06,2.02e-06,7.4e-06,5.4e-06,2.02e-06
5.667e-06,2.98e-06,7.82e-06,5.53e-06,2.98e-06
5.779e-06,2.77e-06,8.19e-06,5.97e-06,2.78e-06
5.605e-06,2.75e-06,7.86e-06,5.875e-06,2.83e-06
5.293e-06,2.55e-06,7.46e-06,5.291e-06,2.55e-06
5.429e-06,2.66e-06,7.49e-06,5.36e-06,2.85e-06
5.204e-06,2.48e-06,7.24e-06,4.995e-06,2.48e-06
5.754e-06,2.67e-06,8.12e-06,5.851e-06,2.98e-06
5.361e-06,2.63e-06,7.471e-06,5.275e-06,2.63e-06
5.402e-06,2.73e-06,7.43e-06,5.455e-06,2.73e-06
5.466e-06,2.65e-06,7.73e-06,5.645e-06,2.65e-06
5.584e-06,2.79e-06,7.99e-06,5.555e-06,2.9e-06
5.268e-06,2.42e-06,7.32e-06,5.315e-06,2.42e-06
5.488e-06,2.7e-06,7.64e-06,5.456e-06,2.88e-06
5.578e-06,2.63e-06,8e-06,5.68e-06,2.63e-06
5.375e-06,2.17e-06,7.501e-06,5.56e-06,2.17e-06
5.452e-06,2.72e-06,7.51e-06,5.395e-06,2.72e-06
5.584e-06,2.23e-06,7.95e-06,5.781e-06,2.23e-06
5.679e-06,2.37e-06,7.96e-06,5.815e-06,3.08e-06
5.333e-06,2.591e-06,7.39e-06,5.43e-06,2.591e-06
5.492e-06,2.34e-06,7.7e-06,5.9e-06,2.34e-06
5.614e-06,2.65e-06,7.74e-06,5.655e-06,2.96e-06
5.628e-06,2.86e-06,7.79e-06,5.79e-06,2.86e-06
5.48e-06,2.471e-06,7.65e-06,5.675e-06,2.471e-06
5.691e-06,2.88e-06,7.76e-06,5.815e-06,2.88e-06
5.386e-06,2.76e-06,7.57e-06,5.455e-06,2.76e-06
5.759e-06,2.68e-06,7.9e-06,6.095e-06,2.9e-06
5.931e-06,2.22e-06,8.35e-06,6.22e-06,3.411e-06
5.421e-06,2.69e-06,7.45e-06,5.535e-06,2.69e-06
5.853e-06,2.28e-06,8.13e-06,6.15e-06,3.3e-06
5.396e-06,2.51e-06,7.54e-06,5.505e-06,2.51e-06
5.38e-06,2.681e-06,7.52e-06,5.556e-06,2.681e-06
5.687e-06,2.68e-06,7.81e-06,6.065e-06,2.75e-06
5.378e-06,2.63e-06,7.47e-06,5.455e-06,2.63e-06
5.596e-06,2.59e-06,7.93e-06,5.76e-06,2.59e-06
5.623e-06,2.78e-06,7.96e-06,5.806e-06,2.78e-06
5.374e-06,2.45e-06,7.63e-06,5.2e-06,2.45e-06
5.56e-06,2.75e-06,7.711e-06,5.57e-06,2.75e-06
5.518e-06,2.7e-06,7.8e-06,5.6e-06,2.85e-06
5.786e-06,2.37e-06,8e-06,5.955e-06,3.44e-06
5.37e-06,2.54e-06,7.64e-06,5.565e-06,2.54e-06
5.454e-06,2.64e-06,7.68e-06,5.54e-06,2.64e-06
5.732e-06,2.45e-06,8.05e-06,6.05e-06,3.16e-06
5.563e-06,2.72e-06,7.89e-06,5.625e-06,2.82e-06
5.326e-06,2.46e-06,7.471e-06,5.346e-06,2.46e-06
5.372e-06,2.76e-06,7.5e-06,5.375e-06,2.76e-06
5.484e-06,2.41e-06,7.9e-06,5.55e-06,2.41e-06
5.454e-06,2.58e-06,7.56e-06,5.7e-06,2.58e-06
5.331e-06,2.39e-06,7.65e-06,5.566e-06,2.39e-06
5.711e-06,2.59e-06,7.92e-06,5.945e-06,3e-06
5.719e-06,2.65e-06,8.06e-06,5.92e-06,2.65e-06
5.485e-06,2.71e-06,7.791e-06,5.79e-06,2.71e-06
5.874e-06,2.56e-06,8.24e-06,6.08e-06,3.06e-06
5.394e-06,2.31e-06,7.67e-06,5.4e-06,2.31e-06
5.391e-06,2.67e-06,7.53e-06,5.22e-06,3.01e-06
5.487e-06,2.84e-06,7.46e-06,5.26e-06,3.09e-06
5.324e-06,2.62e-06,7.21e-06,5.46e-06,2.62e-06
5.298e-06,2.75e-06,7.48e-06,5.121e-06,2.75e-06
5.405e-06,2.72e-06,7.31e-06,5.51e-06,2.72e-06
5.437e-06,2.62e-06,7.77e-06,5.405e-06,2.62e-06
5.49e-06,2.68e-06,7.78e-06,5.655e-06,2.87e-06
5.335e-06,2.71e-06,7.58e-06,5.425e-06,2.79e-06
5.226e-06,2.29e-06,7.32e-06,5.25e-06,2.29e-06
5.499e-06,2.73e-06,7.7e-06,5.59e-06,2.73e-06
5.285e-06,2.25e-06,7.06e-06,5.56e-06,2.25e-06
5.476e-06,2.65e-06,7.71e-06,5.565e-06,2.65e-06
5.578e-06,2.76e-06,7.75e-06,5.55e-06,2.76e-06
5.457e-06,2.65e-06,7.91e-06,5.59e-06,2.65e-06
5.341e-06,2.52e-06,7.5e-06,5.36e-06,2.52e-06
5.932e-06,2.14e-06,8.26e-06,6.141e-06,3.49e-06
5.345e-06,2.51e-06,7.54e-06,5.39e-06,2.51e-06
5.472e-06,2.19e-06,7.49e-06,5.51e-06,2.19e-06
5.364e-06,2.61e-06,7.41e-06,5.2e-06,2.61e-06
5.472e-06,2.711e-06,7.621e-06,5.505e-06,2.89e-06
5.426e-06,2.61e-06,7.63e-06,5.475e-06,2.61e-06
5.352e-06,2.47e-06,7.63e-06,5.31e-06,2.47e-06
5.301e-06,2.73e-06,7.46e-06,5.265e-06,2.73e-06
5.937e-06,2.52e-06,8.46e-06,6.105e-06,3e-06
5.593e-06,2.34e-06,7.69e-06,5.735e-06,3.2e-06
5.396e-06,2.69e-06,7.49e-06,5.481e-06,2.69e-06
5.298e-06,2.6e-06,7.451e-06,5.365e-06,2.6e-06
5.403e-06,2.69e-06,7.55e-06,5.4e-06,2.69e-06
5.456e-06,2.77e-06,7.73e-06,5.42e-06,2.77e-06
5.432e-06,2.78e-06,7.93e-06,5.39e-06,2.78e-06
5.283e-06,2.621e-06,7.13e-06,5.206e-06,2.621e-06
5.39e-06,2.7e-06,7.69e-06,5.395e-06,2.7e-06
5.264e-06,2.57e-06,7.37e-06,5.076e-06,2.57e-06
5.536e-06,2.6e-06,7.71e-06,5.59e-06,2.6e-06
5.529e-06,2.47e-06,7.9e-06,5.525e-06,2.961e-06
5.404e-06,2.72e-06,7.57e-06,5.34e-06,2.92e-06
5.252e-06,2.65e-06,7.43e-06,5.015e-06,2.65e-06
5.715e-06,2.72e-06,7.67e-06,5.835e-06,2.72e-06
5.386e-06,2.67e-06,7.4e-06,5.41e-06,2.67e-06
5.805e-06,2.37e-06,8.01e-06,6.006e-06,3.16e-06
5.714e-06,2.48e-06,7.67e-06,5.93e-06,2.99e-06
5.701e-06,2.69e-06,7.9e-06,5.945e-06,2.83e-06
5.284e-06,2.67e-06,7.56e-06,5.415e-06,2.67e-06
5.391e-06,2.72e-06,7.45e-06,5.23e-06,2.88e-06
5.989e-06,2.07e-06,8.49e-06,6.275e-06,3.45e-06
5.605e-06,2.66e-06,7.94e-06,5.775e-06,2.66e-06
5.436e-06,2.68e-06,7.63e-06,5.515e-06,2.68e-06
5.574e-06,2.74e-06,7.69e-06,5.65e-06,2.77e-06
5.524e-06,2.39e-06,7.811e-06,5.49e-06,3.1e-06
5.485e-06,2.77e-06,7.36e-06,5.485e-06,2.77e-06
5.55e-06,2.48e-06,7.67e-06,5.78e-06,2.48e-06
5.737e-06,2.77e-06,8.04e-06,5.805e-06,2.99e-06
5.318e-06,2.26e-06,7.59e-06,5.151e-06,2.26e-06
5.569e-06,2.73e-06,7.62e-06,5.535e-06,2.77e-06
5.375e-06,2.68e-06,7.36e-06,5.465e-06,2.68e-06
5.602e-06,2.5e-06,7.791e-06,5.62e-06,2.95e-06
5.353e-06,2.46e-06,7.64e-06,5.296e-06,2.46e-06
5.298e-06,2.37e-06,7.38e-06,5.375e-06,2.37e-06
5.59e-06,2.7e-06,7.72e-06,5.955e-06,2.83e-06
5.491e-06,2.51e-06,7.79e-06,5.635e-06,3.05e-06
5.583e-06,2.58e-06,7.82e-06,5.745e-06,3.19e-06
5.391e-06,2.72e-06,7.53e-06,5.415e-06,2.76e-06
5.393e-06,2.5e-06,7.551e-06,5.465e-06,2.5e-06
5.412e-06,2.66e-06,7.41e-06,5.545e-06,2.82e-06
5.261e-06,2.62e-06,7.44e-06,5.15e-06,2.62e-06
5.697e-06,2.52e-06,7.98e-06,5.855e-06,2.89e-06
5.272e-06,2.7e-06,7.11e-06,5.34e-06,2.7e-06
5.839e-06,2.21e-06,8.21e-06,5.955e-06,3.37e-06
5.448e-06,2.64e-06,7.69e-06,5.72e-06,2.64e-06
5.611e-06,2.39e-06,7.78e-06,5.795e-06,3e-06
5.377e-06,2.68e-06,7.4e-06,5.366e-06,2.68e-06
5.176e-06,2.3e-06,7.26e-06,5.225e-06,2.3e-06
5.392e-06,2.61e-06,7.74e-06,5.515e-06,2.61e-06
5.567e-06,2.76e-06,7.85e-06,5.785e-06,2.77e-06
5.4e-06,2.2e-06,7.5e-06,5.635e-06,2.2e-06
5.318e-06,2.69e-06,7.27e-06,5.425e-06,2.69e-06
5.53e-06,2.57e-06,7.59e-06,5.71e-06,2.84e-06
5.838e-06,2.25e-06,8.041e-06,5.981e-06,3.69e-06
5.818e-06,2.22e-06,8.04e-06,6.155e-06,3.37e-06
5.329e-06,2.61e-06,7.57e-06,5.21e-06,2.61e-06
5.42e-06,2.62e-06,7.67e-06,5.55e-06,2.85e-06
5.475e-06,2.68e-06,7.57e-06,5.53e-06,2.75e-06
5.444e-06,2.68e-06,7.5e-06,5.615e-06,2.68e-06
5.368e-06,2.77e-06,7.57e-06,5.46e-06,2.8e-06
5.363e-06,2.14e-06,7.521e-06,5.52e-06,2.14e-06
5.507e-06,2.77e-06,7.54e-06,5.375e-06,2.77e-06
5.409e-06,2.67e-06,7.6e-06,5.555e-06,2.67e-06
5.501e-06,2.61e-06,7.73e-06,5.58e-06,2.911e-06
5.36e-06,2.63e-06,7.42e-06,5.49e-06,2.85e-06
5.543e-06,2.75e-06,7.66e-06,5.67e-06,2.87e-06
5.48e-06,2.51e-06,7.65e-06,5.575e-06,2.95e-06
5.407e-06,2.801e-06,7.571e-06,5.346e-06,2.801e-06
5.466e-06,2.63e-06,7.75e-06,5.541e-06,2.88e-06
5.22e-06,2.43e-06,7.43e-06,5.215e-06,2.43e-06
5.385e-06,2.39e-06,7.56e-06,5.5e-06,2.39e-06
5.524e-06,2.51e-06,7.6e-06,5.53e-06,2.9e-06
5.419e-06,2.64e-06,7.35e-06,5.585e-06,2.64e-06
5.167e-06,2.36e-06,7.01e-06,5.04e-06,2.36e-06
5.303e-06,2.52e-06,7.21e-06,5.33e-06,2.52e-06
8.75e-06,2.32e-06,1.6e-05,7.525e-06,4.54e-06
4.826e-06,2.66e-06,6.67e-06,4.945e-06,3.33e-06
5.333e-06,2.63e-06,7.32e-06,5.335e-06,2.63e-06
5.572e-06,2.55e-06,7.79e-06,5.785e-06,3.02e-06
5.268e-06,2.56e-06,7.4e-06,5.245e-06,2.56e-06
5.446e-06,2.46e-06,7.5e-06,5.41e-06,3.01e-06
5.566e-06,2.63e-06,8.031e-06,5.6e-06,2.63e-06
5.363e-06,2.62e-06,7.48e-06,5.4e-06,2.81e-06
5.336e-06,2.69e-06,7.321e-06,5.4e-06,2.69e-06
6.009e-06,2.37e-06,8.56e-06,6.17e-06,3.16e-06
5.159e-06,2.59e-06,7.34e-06,5.291e-06,2.59e-06
5.3e-06,2.48e-06,7.34e-06,5.3e-06,2.48e-06
5.109e-06,2.57e-06,7.51e-06,5.215e-06,2.57e-06
5.359e-06,2.54e-06,7.77e-06,5.415e-06,2.54e-06
5.353e-06,2.12e-06,7.49e-06,5.455e-06,2.12e-06
5.396e-06,2.21e-06,7.44e-06,5.48e-06,2.21e-06
5.375e-06,2.65e-06,7.6e-06,5.405e-06,2.911e-06
5.665e-06,2.4e-06,8.06e-06,5.895e-06,2.4e-06
5.308e-06,2.2e-06,7.35e-06,5.34e-06,2.2e-06
5.476e-06,2.11e-06,7.56e-06,5.656e-06,2.11e-06
5.316e-06,2.73e-06,7.39e-06,5.15e-06,2.73e-06
5.24e-06,2.59e-06,7.1e-06,5.34e-06,2.59e-06
5.581e-06,2.49e-06,7.81e-06,5.74e-06,2.9e-06
5.246e-06,2.81e-06,7.24e-06,5.14e-06,3.03e-06
5.37e-06,2.74e-06,7.5e-06,5.335e-06,2.74e-06
5.458e-06,2.64e-06,7.91e-06,5.725e-06,2.64e-06
5.287e-06,2.44e-06,7.7e-06,5.256e-06,2.44e-06
5.37e-06,2.73e-06,7.54e-06,5.385e-06,2.77e-06
5.692e-06,2.38e-06,8.031e-06,5.825e-06,3.02e-06
5.21e-06,2.57e-06,7.3e-06,4.985e-06,2.57e-06
5.442e-06,2.36e-06,7.47e-06,5.53e-06,2.36e-06
5.762e-06,2.7e-06,8.06e-06,5.925e-06,2.7e-06
5.328e-06,2.35e-06,7.26e-06,5.455e-06,2.35e-06
5.679e-06,2.81e-06,8.04e-06,5.845e-06,3.03e-06
5.412e-06,2.69e-06,7.61e-06,5.455e-06,2.91e-06
5.321e-06,2.58e-06,7.571e-06,5.255e-06,2.58e-06
5.238e-06,2.7e-06,7.48e-06,5.22e-06,2.7e-06
5.515e-06,2.56e-06,7.521e-06,5.57e-06,2.89e-06
5.374e-06,2.25e-06,7.54e-06,5.3e-06,2.25e-06
5.131e-06,2.62e-06,7.03e-06,4.815e-06,2.62e-06
5.411e-06,2.43e-06,7.71e-06,5.455e-06,2.43e-06
5.617e-06,2.28e-06,7.91e-06,5.75e-06,3.14e-06
5.624e-06,2.55e-06,7.85e-06,5.725e-06,2.99e-06
5.379e-06,2.68e-06,7.47e-06,5.39e-06,2.68e-06
5.339e-06,2.28e-06,7.65e-06,5.395e-06,2.28e-06
5.29e-06,2.73e-06,7.35e-06,5.255e-06,2.73e-06
5.616e-06,2.75e-06,7.73e-06,5.896e-06,2.78e-06
5.321e-06,2.49e-06,7.54e-06,5.335e-06,2.49e-06
5.799e-06,2.67e-06,8.1e-06,6.015e-06,2.85e-06
5.287e-06,2.36e-06,7.38e-06,5.27e-06,2.36e-06
5.34e-06,2.17e-06,7.441e-06,5.42e-06,2.17e-06
5.268e-06,2.43e-06,7.37e-06,5.13e-06,2.43e-06
5.533e-06,2.441e-06,7.6e-06,5.58e-06,3.07e-06
5.675e-06,2.86e-06,7.73e-06,5.845e-06,3.221e-06
5.552e-06,2.69e-06,7.77e-06,5.45e-06,2.81e-06
5.534e-06,2.4e-06,7.67e-06,5.665e-06,3.02e-06
5.547e-06,2.55e-06,7.82e-06,5.59e-06,3.05e-06
5.367e-06,2.561e-06,7.601e-06,5.345e-06,2.561e-06
5.27e-06,2.49e-06,7.35e-06,5.105e-06,2.49e-06
5.481e-06,2.68e-06,7.71e-06,5.6e-06,2.8e-06
5.368e-06,2.58e-06,7.54e-06,5.395e-06,2.86e-06
5.814e-06,2.62e-06,8.24e-06,5.981e-06,2.86e-06
5.408e-06,2.14e-06,7.59e-06,5.48e-06,2.14e-06
5.416e-06,2.51e-06,7.72e-06,5.395e-06,2.51e-06
5.241e-06,2.56e-06,7.49e-06,5.171e-06,2.56e-06
5.35e-06,2.32e-06,7.49e-06,5.39e-06,2.32e-06
5.113e-06,2.45e-06,7.2e-06,4.895e-06,2.45e-06
5.228e-06,2.29e-06,7.42e-06,4.95e-06,2.29e-06
5.468e-06,2.69e-06,7.38e-06,5.516e-06,2.69e-06
5.387e-06,2.66e-06,7.62e-06,5.535e-06,2.76e-06
5.658e-06,2.42e-06,7.72e-06,5.78e-06,3.14e-06
5.469e-06,2.49e-06,7.72e-06,5.48e-06,2.94e-06
5.282e-06,2.2e-06,7.351e-06,5.34e-06,2.2e-06
5.281e-06,2.65e-06,7.291e-06,5.226e-06,2.65e-06
5.279e-06,2.45e-06,7.32e-06,5.27e-06,2.45e-06
8.983e-06,2.85e-06,1.128e-05,9.6e-06,7.31e-06
5.05e-06,1.97e-06,6.81e-06,4.63e-06,1.97e-06
5.515e-06,2.52e-06,7.81e-06,5.53e-06,3.02e-06
5.451e-06,2.67e-06,7.501e-06,5.695e-06,2.75e-06
5.772e-06,2.44e-06,8.08e-06,5.985e-06,3.11e-06
5.356e-06,2.77e-06,7.64e-06,5.295e-06,2.8e-06
5.262e-06,2.53e-06,7.37e-06,5.351e-06,2.53e-06
5.334e-06,2.45e-06,7.62e-06,5.365e-06,2.45e-06
5.41e-06,2.941e-06,7.36e-06,5.43e-06,3.02e-06
5.177e-06,2.34e-06,7.35e-06,5.07e-06,2.34e-06
5.271e-06,2.541e-06,7.64e-06,5.085e-06,2.541e-06
5.617e-06,2.53e-06,7.79e-06,5.935e-06,2.53e-06
5.375e-06,2.21e-06,7.55e-06,5.445e-06,2.21e-06
5.3e-06,2.67e-06,7.33e-06,5.155e-06,2.67e-06
5.639e-06,2.41e-06,7.89e-06,5.665e-06,3.141e-06
5.175e-06,2.36e-06,7.18e-06,4.986e-06,2.36e-06
5.37e-06,2.71e-06,7.43e-06,5.35e-06,2.71e-06
5.401e-06,2.67e-06,7.53e-06,5.52e-06,2.74e-06
5.255e-06,2.63e-06,7.111e-06,5.35e-06,2.63e-06
5.399e-06,2.67e-06,7.68e-06,5.455e-06,2.67e-06
5.44e-06,2.71e-06,7.54e-06,5.406e-06,2.73e-06
5.46e-06,2.65e-06,7.61e-06,5.5e-06,3.04e-06
5.3e-06,2.51e-06,7.72e-06,5.22e-06,2.51e-06
5.182e-06,2.44e-06,7.11e-06,5.11e-06,2.44e-06
5.295e-06,2.42e-06,7.47e-06,5.195e-06,2.42e-06
5.381e-06,2.58e-06,7.581e-06,5.37e-06,2.58e-06
5.263e-06,2.65e-06,7.37e-06,5.19e-06,2.83e-06
5.572e-06,2.55e-06,7.86e-06,5.74e-06,2.55e-06
5.533e-06,2.53e-06,7.65e-06,5.58e-06,2.91e-06
5.698e-06,2.6e-06,8.03e-06,5.675e-06,3.02e-06
5.399e-06,2.64e-06,7.37e-06,5.2e-06,3.23e-06
5.144e-06,2.33e-06,7.38e-06,5.04e-06,2.33e-06
5.382e-06,2.54e-06,7.48e-06,5.495e-06,2.54e-06
5.233e-06,2.56e-06,7.28e-06,5.245e-06,2.56e-06
5.177e-06,2.44e-06,7.32e-06,5.141e-06,2.44e-06
5.624e-06,2.761e-06,7.88e-06,5.795e-06,2.81e-06
5.228e-06,2.53e-06,7.36e-06,5.115e-06,2.53e-06
5.216e-06,2.46e-06,7.43e-06,5.22e-06,2.46e-06
5.783e-06,2.26e-06,8.02e-06,6.05e-06,3.1e-06
5.367e-06,2.72e-06,7.31e-06,5.4e-06,2.72e-06
5.414e-06,2.71e-06,7.581e-06,5.435e-06,2.71e-06
5.65e-06,2.36e-06,7.96e-06,5.721e-06,3e-06
5.296e-06,2.64e-06,7.68e-06,5.181e-06,2.64e-06
5.205e-06,2.181e-06,7.44e-06,5.185e-06,2.181e-06
5.468e-06,2.69e-06,7.68e-06,5.535e-06,2.79e-06
5.361e-06,2.36e-06,7.56e-06,5.405e-06,2.36e-06
5.311e-06,2.3e-06,7.46e-06,5.305e-06,2.3e-06
5.319e-06,2.72e-06,7.341e-06,5.345e-06,2.72e-06
5.53e-06,2.66e-06,7.59e-06,5.641e-06,2.86e-06
5.377e-06,2.53e-06,7.75e-06,5.3e-06,2.53e-06
5.469e-06,2.65e-06,7.75e-06,5.465e-06,2.65e-06
6.348e-06,2.49e-06,1.261e-05,6.58e-06,2.49e-06
5.414e-06,2.3e-06,7.88e-06,5.735e-06,4.29e-06
5.47e-06,2.73e-06,7.54e-06,5.57e-06,2.86e-06
5.341e-06,2.74e-06,7.511e-06,5.335e-06,2.74e-06
5.268e-06,2.48e-06,7.34e-06,5.341e-06,2.48e-06
5.267e-06,2.32e-06,7.53e-06,5.255e-06,2.32e-06
5.381e-06,2.68e-06,7.54e-06,5.455e-06,2.72e-06
5.083e-06,2.41e-06,7.13e-06,4.891e-06,2.41e-06
5.621e-06,2.75e-06,7.79e-06,5.845e-06,2.761e-06
5.242e-06,2.64e-06,7.31e-06,5.325e-06,2.64e-06
5.319e-06,2.86e-06,7.54e-06,5.28e-06,2.86e-06
5.451e-06,1.91e-06,7.54e-06,5.435e-06,1.91e-06
5.347e-06,2.69e-06,7.38e-06,5.2e-06,2.96e-06
5.215e-06,2.51e-06,7.08e-06,5.24e-06,2.51e-06
5.589e-06,2.54e-06,7.84e-06,5.691e-06,2.54e-06
5.243e-06,2.42e-06,7.25e-06,5.15e-06,2.42e-06
6.954e-06,2.04e-06,2.062e-05,6.28e-06,2.04e-06
7.724e-06,1.73e-06,1.163e-05,8.951e-06,1.73e-06
5.281e-06,2.54e-06,7.42e-06,5.14e-06,2.54e-06
5.352e-06,2.62e-06,7.51e-06,5.515e-06,2.62e-06
5.376e-06,2.59e-06,7.54e-06,5.37e-06,2.59e-06
5.201e-06,2.37e-06,7.24e-06,5.221e-06,2.37e-06
5.543e-06,2.68e-06,7.55e-06,5.615e-06,2.68e-06
5.158e-06,2.27e-06,7.28e-06,5.115e-06,2.27e-06
5.442e-06,2.54e-06,7.621e-06,5.47e-06,2.54e-06
5.362e-06,2.57e-06,7.45e-06,5.365e-06,2.57e-06
5.297e-06,2.68e-06,7.42e-06,5.305e-06,2.68e-06
5.916e-06,2.24e-06,8.33e-06,6.15e-06,3.29e-06
5.285e-06,2.41e-06,7.55e-06,5.36e-06,2.41e-06
5.351e-06,2.65e-06,7.55e-06,5.45e-06,2.65e-06
5.515e-06,2.84e-06,7.67e-06,5.546e-06,2.84e-06
5.343e-06,2.7e-06,7.311e-06,5.445e-06,2.71e-06
5.243e-06,2.41e-06,7.13e-06,5.24e-06,2.41e-06
5.238e-06,2.67e-06,7.35e-06,5.135e-06,2.67e-06
5.236e-06,2.49e-06,7.16e-06,5.075e-06,2.49e-06
5.183e-06,2.69e-06,7.32e-06,4.98e-06,2.69e-06
5.372e-06,2.6e-06,7.29e-06,5.525e-06,2.6e-06
5.437e-06,2.58e-06,7.5e-06,5.47e-06,2.58e-06
5.138e-06,2.17e-06,7.03e-06,4.99e-06,2.17e-06
5.292e-06,2.29e-06,7.19e-06,5.23e-06,2.29e-06
5.227e-06,2.331e-06,7.18e-06,4.995e-06,2.331e-06
5.4e-06,2.76e-06,7.24e-06,5.32e-06,2.79e-06
5.389e-06,2.55e-06,7.6e-06,5.42e-06,3.04e-06
5.366e-06,2.66e-06,7.45e-06,5.515e-06,2.66e-06
5.313e-06,2.59e-06,7.34e-06,5.2e-06,2.59e-06
5.619e-06,2.46e-06,7.66e-06,5.935e-06,2.46e-06
5.83e-06,2.46e-06,8.211e-06,5.855e-06,3.33e-06
5.303e-06,2.57e-06,7.46e-06,5.285e-06,2.57e-06
5.622e-06,2.77e-06,7.91e-06,5.811e-06,2.77e-06
5.291e-06,2.54e-06,7.4e-06,5.36e-06,2.54e-06
5.288e-06,2.74e-06,7.52e-06,5.215e-06,2.74e-06
5.245e-06,2.38e-06,7.48e-06,5.355e-06,2.38e-06
5.72e-06,2.52e-06,8.08e-06,5.895e-06,3.02e-06
5.249e-06,2.33e-06,7.331e-06,5.27e-06,2.33e-06
5.618e-06,2.34e-06,7.64e-06,5.73e-06,3.19e-06
5.622e-06,2.68e-06,7.86e-06,5.655e-06,3.35e-06
5.643e-06,2.52e-06,7.87e-06,5.825e-06,2.96e-06
5.28e-06,2.73e-06,7.48e-06,5.295e-06,2.73e-06
5.368e-06,2.56e-06,7.62e-06,5.305e-06,2.56e-06
5.354e-06,2.06e-06,7.34e-06,5.33e-06,2.06e-06
5.247e-06,2.56e-06,7.38e-06,5.12e-06,2.56e-06
5.528e-06,2.59e-06,7.73e-06,5.69e-06,3.05e-06
5.318e-06,2.69e-06,7.52e-06,5.29e-06,2.69e-06
5.142e-06,2.68e-06,7.04e-06,4.87e-06,2.68e-06
5.324e-06,2.27e-06,7.45e-06,5.38e-06,2.27e-06
5.328e-06,2.64e-06,7.41e-06,5.15e-06,2.82e-06
5.386e-06,2.74e-06,7.55e-06,5.361e-06,2.82e-06
5.577e-06,2.55e-06,7.72e-06,5.545e-06,3.26e-06
5.374e-06,2.38e-06,7.551e-06,5.525e-06,2.38e-06
5.418e-06,2.711e-06,7.45e-06,5.61e-06,2.711e-06
5.753e-06,2.24e-06,8.1e-06,5.945e-06,3.2e-06
5.481e-06,2.57e-06,7.89e-06,5.475e-06,2.88e-06
5.277e-06,2.56e-06,7.53e-06,5.455e-06,2.56e-06
5.578e-06,2.661e-06,7.77e-06,5.78e-06,2.661e-06
5.362e-06,2.26e-06,7.44e-06,5.365e-06,2.26e-06
5.302e-06,2.47e-06,7.541e-06,5.285e-06,2.47e-06
5.38e-06,2.07e-06,7.5e-06,5.451e-06,2.07e-06
5.032e-06,2.5e-06,6.85e-06,4.795e-06,2.5e-06
5.464e-06,2.56e-06,7.63e-06,5.55e-06,2.56e-06
5.223e-06,2.3e-06,7.53e-06,5.025e-06,2.3e-06
5.194e-06,2.33e-06,7.11e-06,5.005e-06,2.33e-06
5.326e-06,2.58e-06,7.32e-06,5.23e-06,2.58e-06
5.586e-06,2.53e-06,7.69e-06,5.815e-06,3e-06
5.87e-06,2.15e-06,8.18e-06,6.076e-06,3.34e-06
5.392e-06,2.24e-06,7.58e-06,5.451e-06,2.24e-06
5.291e-06,2.43e-06,7.6e-06,5.25e-06,2.43e-06
5.32e-06,2.68e-06,7.43e-06,5.215e-06,2.68e-06
5.539e-06,2.6e-06,8.08e-06,5.535e-06,2.88e-06
5.321e-06,2.44e-06,7.52e-06,5.285e-06,2.44e-06
5.518e-06,2.61e-06,7.72e-06,5.77e-06,2.61e-06
5.569e-06,2.4e-06,7.951e-06,5.781e-06,3.17e-06
5.611e-06,2.33e-06,7.85e-06,5.815e-06,3.11e-06
5.374e-06,2.39e-06,7.52e-06,5.45e-06,2.39e-06
5.386e-06,2.64e-06,7.6e-06,5.415e-06,2.64e-06
5.592e-06,2.5e-06,7.55e-06,5.655e-06,3.12e-06
5.32e-06,2.59e-06,7.36e-06,5.225e-06,2.59e-06
5.75e-06,2.18e-06,7.951e-06,5.74e-06,3.29e-06
5.409e-06,2.72e-06,7.451e-06,5.59e-06,2.74e-06
5.839e-06,2.21e-06,8.19e-06,6.015e-06,3.37e-06
5.213e-06,2.57e-06,7.32e-06,5.325e-06,2.57e-06
5.299e-06,2.53e-06,7.45e-06,5.305e-06,2.53e-06
5.168e-06,2.37e-06,7.16e-06,5.07e-06,2.37e-06
5.265e-06,2.59e-06,7.29e-06,5.201e-06,2.59e-06
5.392e-06,2.66e-06,7.58e-06,5.405e-06,2.79e-06
5.263e-06,2.58e-06,7.15e-06,5.35e-06,2.58e-06
5.322e-06,2.72e-06,7.41e-06,5.335e-06,2.72e-06
5.381e-06,2.6e-06,7.57e-06,5.41e-06,2.971e-06
5.436e-06,2.59e-06,7.56e-06,5.58e-06,2.75e-06
5.332e-06,2.65e-06,7.47e-06,5.285e-06,2.65e-06
5.527e-06,2.67e-06,7.99e-06,5.56e-06,2.81e-06
5.276e-06,2.61e-06,7.45e-06,5.45e-06,2.61e-06
5.416e-06,2.51e-06,7.56e-06,5.511e-06,2.85e-06
5.379e-06,2.41e-06,7.581e-06,5.46e-06,2.41e-06
5.382e-06,2.37e-06,7.67e-06,5.48e-06,2.37e-06
5.354e-06,2.59e-06,7.39e-06,5.42e-06,3.03e-06
5.194e-06,2.61e-06,7.12e-06,5.19e-06,2.61e-06
5.491e-06,2.7e-06,7.69e-06,5.58e-06,2.76e-06
5.409e-06,2.64e-06,7.44e-06,5.595e-06,2.64e-06
5.248e-06,2.71e-06,7.47e-06,5.26e-06,2.82e-06
5.308e-06,2.6e-06,7.511e-06,5.325e-06,2.6e-06
5.401e-06,2.5e-06,7.71e-06,5.46e-06,2.5e-06
5.32e-06,2.66e-06,7.361e-06,5.31e-06,2.66e-06
5.586e-06,2.35e-06,7.87e-06,5.76e-06,3.15e-06
5.61e-06,2.45e-06,7.9e-06,5.79e-06,2.99e-06
5.44e-06,2.65e-06,7.42e-06,5.585e-06,2.85e-06
5.275e-06,2.09e-06,7.32e-06,5.356e-06,2.09e-06
5.426e-06,2.65e-06,7.44e-06,5.5e-06,2.81e-06
5.705e-06,2.3e-06,8.08e-06,5.93e-06,3.21e-06
5.411e-06,2.69e-06,7.49e-06,5.42e-06,2.69e-06
5.406e-06,2.73e-06,7.52e-06,5.295e-06,2.95e-06
5.277e-06,2.67e-06,7.29e-06,5.31e-06,2.67e-06
5.722e-06,2.36e-06,8.02e-06,5.835e-06,3.13e-06
5.358e-06,2.44e-06,7.61e-06,5.461e-06,2.44e-06
5.232e-06,2.32e-06,7.16e-06,5.205e-06,2.32e-06
5.474e-06,2.61e-06,7.691e-06,5.585e-06,2.86e-06
5.292e-06,2.601e-06,7.57e-06,5.245e-06,2.601e-06
5.466e-06,2.6e-06,7.66e-06,5.385e-06,2.84e-06
1.2391e-05,2.74e-06,1.5281e-05,1.3555e-05,1.152e-05
5.359e-06,2.68e-06,7.43e-06,5.145e-06,2.68e-06
5.246e-06,2.44e-06,7.43e-06,5.075e-06,2.44e-06
5.282e-06,2.47e-06,7.27e-06,5.435e-06,2.47e-06
5.556e-06,2.33e-06,7.8e-06,5.73e-06,2.33e-06
5.258e-06,2.63e-06,7.37e-06,5.331e-06,2.63e-06
5.391e-06,2.72e-06,7.88e-06,5.255e-06,2.72e-06
5.399e-06,2.47e-06,7.54e-06,5.53e-06,2.47e-06
5.397e-06,2.71e-06,7.36e-06,5.54e-06,2.71e-06
5.256e-06,2.62e-06,7.44e-06,5.215e-06,2.62e-06
5.398e-06,2.6e-06,7.87e-06,5.565e-06,2.6e-06
5.337e-06,2.27e-06,7.531e-06,5.45e-06,2.27e-06
5.229e-06,2.47e-06,7.31e-06,5.185e-06,2.47e-06
5.277e-06,2.59e-06,7.18e-06,5.16e-06,2.59e-06
5.207e-06,2.671e-06,7.47e-06,5.121e-06,2.671e-06
5.47e-06,2.66e-06,7.54e-06,5.515e-06,2.66e-06
5.28e-06,2.64e-06,7.5e-06,5.14e-06,2.64e-06
5.24e-06,2.71e-06,7.3e-06,5.29e-06,2.71e-06
5.407e-06,2.701e-06,7.51e-06,5.65e-06,2.701e-06
5.946e-06,2.26e-06,8.33e-06,6.26e-06,3.27e-06
5.442e-06,2.34e-06,7.57e-06,5.605e-06,2.34e-06
5.26e-06,2.63e-06,7.24e-06,5.04e-06,2.63e-06
5.282e-06,2.51e-06,7.52e-06,5.3e-06,2.51e-06
5.347e-06,2.48e-06,7.48e-06,5.325e-06,2.48e-06
5.175e-06,2.64e-06,7.25e-06,5.095e-06,2.64e-06
5.286e-06,2.73e-06,7.39e-06,5.34e-06,2.73e-06
5.413e-06,2.57e-06,7.791e-06,5.401e-06,2.89e-06
5.352e-06,2.73e-06,7.35e-06,5.46e-06,2.73e-06
5.279e-06,2.24e-06,7.32e-06,5.275e-06,2.24e-06
5.345e-06,2.71e-06,7.43e-06,5.33e-06,2.79e-06
5.227e-06,2.2e-06,7.11e-06,5.37e-06,2.2e-06
5.89e-06,2.28e-06,8.22e-06,6.22e-06,3.17e-06
5.685e-06,2.21e-06,7.89e-06,5.98e-06,3.24e-06
6.099e-06,2.05e-06,8.701e-06,6.33e-06,3.66e-06
5.403e-06,2.66e-06,7.54e-06,5.64e-06,2.66e-06
5.95e-06,2.11e-06,8.28e-06,6.235e-06,3.64e-06
5.63e-06,2.61e-06,7.74e-06,5.865e-06,2.88e-06
5.432e-06,2.52e-06,7.51e-06,5.48e-06,2.96e-06
5.348e-06,2.48e-06,7.22e-06,5.435e-06,2.99e-06
5.674e-06,2.65e-06,7.76e-06,5.755e-06,2.65e-06
5.361e-06,2.47e-06,7.631e-06,5.38e-06,2.47e-06
5.561e-06,2.61e-06,7.8e-06,5.83e-06,2.95e-06
5.272e-06,2.3e-06,7.37e-06,5.41e-06,2.3e-06
5.255e-06,2.38e-06,7.36e-06,5.195e-06,2.38e-06
5.179e-06,2.59e-06,7.13e-06,5.085e-06,2.59e-06
5.358e-06,2.11e-06,7.71e-06,5.59e-06,2.11e-06
5.333e-06,2.34e-06,7.6e-06,5.375e-06,2.34e-06
5.317e-06,2.62e-06,7.35e-06,5.23e-06,2.62e-06
5.321e-06,2.66e-06,7.43e-06,5.365e-06,2.72e-06
5.497e-06,2.6e-06,7.47e-06,5.585e-06,2.87e-06
5.538e-06,2.36e-06,7.63e-06,5.671e-06,3.05e-06
5.281e-06,2.611e-06,7.21e-06,5.295e-06,2.611e-06
5.568e-06,2.65e-06,7.87e-06,5.655e-06,2.83e-06
5.587e-06,2.46e-06,7.98e-06,5.79e-06,3.38e-06
5.545e-06,2.58e-06,7.91e-06,5.69e-06,3.22e-06
5.984e-06,2.05e-06,8.411e-06,6.21e-06,3.781e-06
5.17e-06,2.53e-06,7.1e-06,5.26e-06,2.53e-06
5.46e-06,2.78e-06,7.63e-06,5.58e-06,2.79e-06
5.366e-06,2.66e-06,7.58e-06,5.405e-06,2.66e-06
5.154e-06,2.43e-06,7.59e-06,5.056e-06,2.43e-06
5.493e-06,2.78e-06,7.58e-06,5.58e-06,2.91e-06
5.336e-06,2.52e-06,7.4e-06,5.3e-06,2.52e-06
5.581e-06,2.39e-06,7.621e-06,5.625e-06,3.01e-06
5.301e-06,2.33e-06,7.16e-06,5.375e-06,2.33e-06
5.224e-06,2.37e-06,7.4e-06,5.305e-06,2.37e-06
5.869e-06,2.1e-06,8.04e-06,6.1e-06,3.49e-06
5.321e-06,2.79e-06,7.48e-06,5.18e-06,2.88e-06
5.348e-06,2.63e-06,7.53e-06,5.44e-06,2.63e-06
5.278e-06,2.41e-06,7.28e-06,5.3e-06,2.41e-06
5.323e-06,2.54e-06,7.59e-06,5.435e-06,2.54e-06
5.832e-06,2.291e-06,7.97e-06,5.97e-06,3.48e-06
5.243e-06,2.68e-06,7.29e-06,5.081e-06,2.68e-06
5.291e-06,2.58e-06,7.25e-06,5.3e-06,2.79e-06
5.452e-06,2.72e-06,7.4e-06,5.48e-06,3.03e-06
5.394e-06,2.74e-06,7.55e-06,5.415e-06,2.78e-06
5.646e-06,2.69e-06,7.82e-06,5.81e-06,2.69e-06
5.169e-06,2.37e-06,7.12e-06,5.18e-06,2.37e-06
5.546e-06,2.43e-06,7.701e-06,5.656e-06,3.07e-06
5.822e-06,2.26e-06,8.5e-06,5.966e-06,3.19e-06
5.377e-06,2.74e-06,7.73e-06,5.385e-06,3.08e-06
5.198e-06,2.62e-06,7.35e-06,5.315e-06,2.62e-06
5.359e-06,2.34e-06,7.55e-06,5.35e-06,2.34e-06
5.465e-06,2.29e-06,7.58e-06,5.615e-06,2.29e-06
5.51e-06,2.69e-06,7.74e-06,5.62e-06,2.69e-06
5.231e-06,2.45e-06,7.381e-06,5.36e-06,2.45e-06
5.345e-06,2.73e-06,7.63e-06,5.395e-06,2.73e-06
5.459e-06,2.641e-06,7.71e-06,5.526e-06,2.95e-06
5.755e-06,2.28e-06,8.15e-06,5.895e-06,3.21e-06
5.346e-06,2.691e-06,7.43e-06,5.33e-06,2.691e-06
5.266e-06,2.73e-06,7.51e-06,5.275e-06,2.73e-06
5.27e-06,2.13e-06,7.5e-06,5.33e-06,2.13e-06
5.438e-06,2.63e-06,7.67e-06,5.44e-06,2.8e-06
5.287e-06,2.47e-06,7.23e-06,5.4e-06,2.47e-06
5.221e-06,2.36e-06,7.39e-06,5.21e-06,2.36e-06
5.445e-06,2.75e-06,7.66e-06,5.45e-06,3.08e-06
5.39e-06,2.28e-06,7.38e-06,5.64e-06,2.28e-06
5.357e-06,2.44e-06,7.34e-06,5.38e-06,2.44e-06
5.26e-06,2.7e-06,7.19e-06,4.97e-06,2.7e-06
5.384e-06,2.57e-06,7.52e-06,5.445e-06,2.86e-06
5.255e-06,2.53e-06,7.561e-06,5.125e-06,2.53e-06
5.215e-06,2.67e-06,7.12e-06,5.095e-06,2.67e-06
5.215e-06,2.51e-06,7.26e-06,5.17e-06,2.51e-06
5.411e-06,2.59e-06,7.58e-06,5.45e-06,2.85e-06
5.538e-06,2.57e-06,7.75e-06,5.626e-06,2.57e-06
5.268e-06,2.54e-06,7.34e-06,5.291e-06,2.54e-06
5.667e-06,2.82e-06,7.9e-06,5.805e-06,3.04e-06
5.44e-06,2.55e-06,7.621e-06,5.49e-06,2.88e-06
5.28e-06,2.63e-06,7.45e-06,5.285e-06,2.63e-06
5.387e-06,2.7e-06,7.54e-06,5.41e-06,2.72e-06
5.399e-06,2.63e-06,7.46e-06,5.215e-06,2.81e-06
5.638e-06,2.38e-06,7.98e-06,5.73e-06,3.25e-06
5.34e-06,2.72e-06,7.51e-06,5.385e-06,2.72e-06
6.39e-06,1.98e-06,8.9e-06,6.965e-06,3.49e-06
5.276e-06,2.66e-06,7.46e-06,5.29e-06,2.66e-06
5.549e-06,2.66e-06,7.79e-06,5.715e-06,2.87e-06
5.417e-06,2.67e-06,7.44e-06,5.385e-06,2.81e-06
5.184e-06,2.14e-06,7.26e-06,5.15e-06,2.14e-06
5.298e-06,2.581e-06,7.43e-06,5.145e-06,2.581e-06
5.252e-06,2.67e-06,7.17e-06,5.245e-06,2.67e-06
5.595e-06,2.64e-06,7.88e-06,5.675e-06,2.77e-06
5.745e-06,2.17e-06,8.12e-06,5.93e-06,3.25e-06
5.43e-06,2.63e-06,7.39e-06,5.56e-06,2.901e-06
5.423e-06,2.49e-06,7.6e-06,5.776e-06,2.49e-06
5.694e-06,2.65e-06,8.05e-06,5.945e-06,2.65e-06
5.713e-06,2.89e-06,7.84e-06,6.035e-06,2.89e-06
5.326e-06,2.21e-06,7.52e-06,5.42e-06,2.21e-06
5.536e-06,2.57e-06,7.79e-06,5.56e-06,2.91e-06
5.461e-06,2.59e-06,7.52e-06,5.526e-06,2.59e-06
5.276e-06,2.57e-06,7.261e-06,5.27e-06,2.57e-06
5.382e-06,2.74e-06,7.45e-06,5.405e-06,2.79e-06
5.468e-06,2.51e-06,7.72e-06,5.415e-06,2.85e-06
5.355e-06,2.67e-06,7.33e-06,5.436e-06,2.67e-06
5.65e-06,1.74e-06,7.8e-06,5.88e-06,1.74e-06
5.531e-06,2.59e-06,7.88e-06,5.435e-06,3.28e-06
5.272e-06,2.71e-06,7.29e-06,5.29e-06,2.72e-06
5.351e-06,2.37e-06,7.49e-06,5.655e-06,2.37e-06
5.926e-06,2.19e-06,8.18e-06,6.23e-06,3.54e-06
5.44e-06,2.8e-06,7.54e-06,5.505e-06,3.01e-06
5.663e-06,2.15e-06,7.94e-06,5.87e-06,3.26e-06
5.458e-06,2.69e-06,7.56e-06,5.43e-06,2.8e-06
5.298e-06,2.67e-06,7.29e-06,5.246e-06,2.67e-06
5.192e-06,2.54e-06,7.42e-06,4.891e-06,2.54e-06
5.63e-06,2.45e-06,8.17e-06,5.775e-06,2.45e-06
5.295e-06,2.71e-06,7.71e-06,5.22e-06,2.71e-06
6.666e-06,1.83e-06,9.1e-06,7.345e-06,1.83e-06
5.568e-06,2.7e-06,7.71e-06,5.495e-06,3.03e-06
5.56e-06,2.72e-06,7.71e-06,5.595e-06,2.72e-06
5.348e-06,2.64e-06,7.6e-06,5.36e-06,2.64e-06
5.277e-06,2.62e-06,7.32e-06,5.161e-06,2.62e-06
5.3e-06,2.44e-06,7.39e-06,5.28e-06,2.44e-06
5.262e-06,2.69e-06,7.341e-06,5.155e-06,2.69e-06
5.481e-06,2.37e-06,7.65e-06,5.58e-06,2.37e-06
5.298e-06,2.55e-06,7.35e-06,5.365e-06,2.55e-06
5.524e-06,2.59e-06,7.8e-06,5.525e-06,2.94e-06
5.431e-06,2.68e-06,7.69e-06,5.56e-06,2.68e-06
5.498e-06,2.67e-06,7.59e-06,5.626e-06,3.01e-06
5.364e-06,2.61e-06,7.34e-06,5.385e-06,2.61e-06
5.617e-06,2.54e-06,8.121e-06,5.65e-06,3.02e-06
5.228e-06,2.661e-06,7.15e-06,5.206e-06,2.661e-06
5.607e-06,2.71e-06,8.04e-06,5.71e-06,2.76e-06
5.221e-06,2.55e-06,7.36e-06,5.255e-06,2.55e-06
5.273e-06,2.74e-06,7.18e-06,5.295e-06,2.74e-06
5.326e-06,2.62e-06,7.69e-06,5.29e-06,2.62e-06
5.315e-06,2.74e-06,7.44e-06,5.33e-06,2.74e-06
5.392e-06,2.7e-06,7.54e-06,5.57e-06,2.75e-06
5.408e-06,2.7e-06,7.62e-06,5.55e-06,2.71e-06
5.325e-06,2.6e-06,7.65e-06,5.61e-06,2.6e-06
5.72e-06,2.67e-06,7.98e-06,5.92e-06,2.77e-06
5.472e-06,2.26e-06,7.73e-06,5.815e-06,2.26e-06
5.802e-06,2.33e-06,8.1e-06,5.931e-06,3.24e-06
5.566e-06,2.5e-06,7.76e-06,5.78e-06,2.91e-06
5.369e-06,2.49e-06,7.58e-06,5.655e-06,2.49e-06
5.651e-06,2.45e-06,7.911e-06,5.855e-06,2.98e-06
5.48e-06,2.53e-06,7.73e-06,5.545e-06,2.92e-06
5.252e-06,2.61e-06,7.36e-06,5.225e-06,2.61e-06
5.369e-06,2.11e-06,7.46e-06,5.49e-06,2.11e-06
5.275e-06,2.44e-06,7.48e-06,5.286e-06,2.44e-06
5.312e-06,2.73e-06,7.28e-06,5.365e-06,2.73e-06
5.36e-06,2.38e-06,7.55e-06,5.4e-06,2.38e-06
5.376e-06,2.6e-06,7.55e-06,5.39e-06,2.6e-06
5.248e-06,2.49e-06,7.17e-06,5.32e-06,2.49e-06
5.366e-06,2.28e-06,7.53e-06,5.52e-06,2.28e-06
5.348e-06,2.66e-06,7.48e-06,5.29e-06,3.13e-06
5.607e-06,2.33e-06,7.75e-06,5.775e-06,2.33e-06
5.194e-06,2.61e-06,7.13e-06,5.125e-06,2.61e-06
5.381e-06,2.75e-06,7.53e-06,5.425e-06,2.75e-06
5.096e-06,2.5e-06,6.96e-06,4.86e-06,2.5e-06
5.357e-06,2.531e-06,7.5e-06,5.395e-06,2.531e-06
5.213e-06,2.38e-06,7.26e-06,5.275e-06,2.38e-06
5.32e-06,2.44e-06,7.38e-06,5.265e-06,2.44e-06
5.678e-06,2.3e-06,7.66e-06,5.911e-06,3.05e-06
5.424e-06,2.451e-06,7.29e-06,5.555e-06,2.451e-06
5.254e-06,2.54e-06,7.24e-06,5.18e-06,2.54e-06
5.926e-06,2.251e-06,8.17e-06,6.275e-06,3.35e-06
5.839e-06,2.01e-06,8.241e-06,6.081e-06,3.49e-06
5.396e-06,2.63e-06,7.54e-06,5.42e-06,2.63e-06
5.705e-06,2.6e-06,7.93e-06,5.91e-06,2.96e-06
5.291e-06,2.52e-06,7.39e-06,5.216e-06,2.52e-06
5.304e-06,2.66e-06,7.42e-06,5.235e-06,2.77e-06
5.622e-06,2.45e-06,7.88e-06,5.76e-06,3e-06
5.34e-06,2.68e-06,7.39e-06,5.415e-06,2.75e-06
5.329e-06,2.55e-06,7.611e-06,5.235e-06,2.55e-06
5.568e-06,2.73e-06,7.78e-06,5.645e-06,2.83e-06
5.476e-06,2.65e-06,7.501e-06,5.636e-06,2.85e-06
5.273e-06,2.38e-06,7.36e-06,5.235e-06,2.38e-06
5.195e-06,2.37e-06,7.26e-06,5.045e-06,2.37e-06
5.204e-06,2.62e-06,7.02e-06,5.265e-06,2.62e-06
5.508e-06,2.6e-06,7.7e-06,5.63e-06,2.88e-06
5.533e-06,2.49e-06,7.75e-06,5.615e-06,2.95e-06
5.245e-06,2.62e-06,7.11e-06,5.25e-06,2.62e-06
5.491e-06,2.48e-06,7.69e-06,5.525e-06,3.36e-06
5.328e-06,2.65e-06,7.43e-06,5.33e-06,2.65e-06
5.344e-06,2.12e-06,7.35e-06,5.51e-06,2.12e-06
5.282e-06,2.4e-06,7.49e-06,5.185e-06,2.4e-06
5.246e-06,2.66e-06,7.28e-06,5.285e-06,2.66e-06
5.391e-06,2.33e-06,7.54e-06,5.3e-06,2.33e-06
5.246e-06,2.53e-06,7.161e-06,5.22e-06,2.53e-06
5.383e-06,2.75e-06,7.33e-06,5.575e-06,2.75e-06
5.343e-06,2.33e-06,7.55e-06,5.395e-06,2.33e-06
5.37e-06,2.32e-06,7.37e-06,5.67e-06,2.32e-06
5.426e-06,2.671e-06,7.44e-06,5.535e-06,2.821e-06
5.183e-06,2.56e-06,7.37e-06,5.021e-06,2.56e-06
5.187e-06,2.23e-06,7.37e-06,5.145e-06,2.23e-06
5.298e-06,2.53e-06,7.49e-06,5.26e-06,2.53e-06
5.362e-06,2.61e-06,7.43e-06,5.49e-06,2.61e-06
5.609e-06,2.63e-06,7.87e-06,5.745e-06,2.63e-06
5.822e-06,2.17e-06,8.1e-06,6e-06,3.25e-06
5.404e-06,2.95e-06,7.7e-06,5.355e-06,2.99e-06
5.364e-06,2.67e-06,7.6e-06,5.475e-06,2.67e-06
5.218e-06,2.71e-06,7.56e-06,5.22e-06,2.73e-06
5.307e-06,2.47e-06,7.39e-06,5.321e-06,2.47e-06
5.785e-06,2.33e-06,8.18e-06,6.125e-06,3.14e-06
5.259e-06,2.62e-06,7.231e-06,5.266e-06,2.62e-06
5.355e-06,2.66e-06,7.53e-06,5.41e-06,2.83e-06
5.265e-06,2.43e-06,7.35e-06,5.355e-06,2.43e-06
5.537e-06,2.56e-06,7.77e-06,5.645e-06,2.91e-06
5.4e-06,2.75e-06,7.54e-06,5.46e-06,2.75e-06
5.639e-06,2.61e-06,8.02e-06,5.695e-06,2.92e-06
5.18e-06,2.58e-06,7.151e-06,5.02e-06,2.58e-06
5.313e-06,2.57e-06,7.35e-06,5.261e-06,2.57e-06
5.319e-06,2.62e-06,7.34e-06,5.385e-06,2.62e-06
5.351e-06,2.71e-06,7.42e-06,5.31e-06,2.81e-06
5.292e-06,2.55e-06,7.45e-06,5.205e-06,2.55e-06
5.187e-06,2.33e-06,7.33e-06,5.165e-06,2.33e-06
5.24e-06,2.51e-06,7.35e-06,5.315e-06,2.51e-06
5.34e-06,2.51e-06,7.46e-06,5.35e-06,2.51e-06
5.352e-06,2.16e-06,7.36e-06,5.41e-06,2.16e-06
5.22e-06,2.29e-06,7.341e-06,5.055e-06,2.29e-06
9.733e-06,1.94e-06,1.326e-05,1.1115e-05,8.86e-06
5.271e-06,2.68e-06,7.47e-06,5.29e-06,2.68e-06
5.228e-06,2.61e-06,7.32e-06,5.22e-06,2.61e-06
5.282e-06,2.48e-06,7.26e-06,5.22e-06,2.48e-06
5.239e-06,2.57e-06,7.19e-06,5.23e-06,2.57e-06
5.222e-06,2.61e-06,7.31e-06,5.141e-06,2.61e-06
5.426e-06,2.56e-06,7.68e-06,5.44e-06,2.93e-06
5.363e-06,2.47e-06,7.48e-06,5.41e-06,2.47e-06
5.442e-06,2.56e-06,7.55e-06,5.6e-06,2.92e-06
5.49e-06,2.52e-06,7.88e-06,5.516e-06,3.031e-06
5.402e-06,2.71e-06,7.68e-06,5.535e-06,2.71e-06
5.341e-06,2.54e-06,7.53e-06,5.3e-06,2.54e-06
5.483e-06,2.71e-06,7.9e-06,5.45e-06,2.71e-06
5.489e-06,2.701e-06,7.71e-06,5.545e-06,2.701e-06
5.1e-06,2.42e-06,7.28e-06,5.005e-06,2.42e-06
5.264e-06,2.45e-06,7.52e-06,5.25e-06,2.45e-06
5.317e-06,2.56e-06,7.51e-06,5.325e-06,2.56e-06
5.247e-06,2.6e-06,7.46e-06,5.225e-06,2.6e-06
5.393e-06,2.63e-06,7.59e-06,5.455e-06,2.84e-06
5.442e-06,2.57e-06,7.831e-06,5.37e-06,2.57e-06
5.17e-06,2.18e-06,7.33e-06,5.355e-06,2.18e-06
5.598e-06,2.81e-06,7.82e-06,5.605e-06,2.81e-06
5.331e-06,2.7e-06,7.49e-06,5.355e-06,2.7e-06
5.258e-06,2.48e-06,7.3e-06,5.13e-06,2.48e-06
5.264e-06,2.65e-06,7.41e-06,5.31e-06,2.65e-06
5.306e-06,2.54e-06,7.34e-06,5.48e-06,2.54e-06
5.528e-06,2.61e-06,7.81e-06,5.676e-06,2.61e-06
5.388e-06,2.71e-06,7.56e-06,5.381e-06,2.74e-06
5.493e-06,2.69e-06,7.63e-06,5.685e-06,2.8e-06
5.272e-06,2.71e-06,7.46e-06,5.27e-06,2.71e-06
5.566e-06,2.4e-06,7.95e-06,5.705e-06,3.01e-06
5.503e-06,2.22e-06,7.82e-06,5.565e-06,2.22e-06
5.432e-06,2.56e-06,7.58e-06,5.355e-06,2.87e-06
5.28e-06,2.44e-06,7.5e-06,5.365e-06,2.44e-06
5.474e-06,2.47e-06,7.541e-06,5.79e-06,3e-06
5.474e-06,2.72e-06,7.67e-06,5.565e-06,2.72e-06
5.322e-06,2.66e-06,7.52e-06,5.341e-06,2.66e-06
5.466e-06,2.74e-06,7.7e-06,5.58e-06,2.76e-06
5.061e-06,2.48e-06,7.25e-06,5.17e-06,2.48e-06
5.242e-06,2.51e-06,7.55e-06,5.075e-06,2.51e-06
5.313e-06,2.65e-06,7.45e-06,5.421e-06,2.69e-06
5.482e-06,2.41e-06,7.751e-06,5.62e-06,2.41e-06
5.343e-06,2.151e-06,7.52e-06,5.4e-06,2.151e-06
5.347e-06,2.64e-06,7.38e-06,5.235e-06,2.64e-06
5.341e-06,2.28e-06,7.55e-06,5.47e-06,2.28e-06
5.233e-06,2.58e-06,7.32e-06,5.085e-06,2.58e-06
5.145e-06,2.45e-06,7.31e-06,5.095e-06,2.45e-06
5.419e-06,2.23e-06,7.5e-06,5.42e-06,2.23e-06
5.237e-06,2.39e-06,7.48e-06,5.215e-06,2.39e-06
5.393e-06,2.94e-06,7.58e-06,5.32e-06,2.94e-06
5.458e-06,2.67e-06,7.72e-06,5.58e-06,2.81e-06
5.617e-06,2.42e-06,7.89e-06,5.775e-06,2.42e-06
5.419e-06,1.94e-06,7.68e-06,5.42e-06,1.94e-06
5.414e-06,2.58e-06,7.7e-06,5.505e-06,2.58e-06
5.298e-06,2.36e-06,7.57e-06,5.281e-06,2.36e-06
5.59e-06,2.7e-06,7.89e-06,5.845e-06,2.7e-06
5.265e-06,2.59e-06,7.371e-06,5.245e-06,2.59e-06
5.477e-06,2.7e-06,7.71e-06,5.56e-06,2.8e-06
5.581e-06,2.4e-06,7.94e-06,5.7e-06,3e-06
5.396e-06,2.66e-06,7.62e-06,5.45e-06,2.66e-06
5.569e-06,2.69e-06,7.95e-06,5.57e-06,2.88e-06
5.513e-06,2.75e-06,7.6e-06,5.63e-06,2.82e-06
5.513e-06,2.52e-06,7.74e-06,5.65e-06,2.97e-06
5.327e-06,2.27e-06,7.501e-06,5.431e-06,2.27e-06
5.222e-06,2.51e-06,7.18e-06,5.225e-06,2.51e-06
5.48e-06,2.54e-06,7.81e-06,5.43e-06,2.95e-06
5.613e-06,2.48e-06,7.95e-06,5.77e-06,2.93e-06
5.341e-06,2.75e-06,7.66e-06,5.295e-06,2.75e-06
5.222e-06,2.02e-06,7.15e-06,5.351e-06,2.02e-06
5.668e-06,2.39e-06,7.61e-06,5.735e-06,3.42e-06
5.26e-06,2.23e-06,7.04e-06,5.31e-06,2.23e-06
5.071e-06,2.331e-06,7.051e-06,4.66e-06,2.331e-06
5.302e-06,2.8e-06,7.42e-06,5.175e-06,3.08e-06
5.377e-06,2.71e-06,7.55e-06,5.4e-06,2.77e-06
5.288e-06,2.46e-06,7.59e-06,5.145e-06,2.46e-06
5.29e-06,2.561e-06,7.34e-06,5.475e-06,2.561e-06
5.977e-06,2.41e-06,8.44e-06,6.31e-06,3.08e-06
5.354e-06,2.7e-06,7.49e-06,5.42e-06,2.75e-06
5.251e-06,2.59e-06,7.401e-06,5.23e-06,2.59e-06
5.486e-06,2.14e-06,7.59e-06,5.92e-06,2.14e-06
5.96e-06,2.01e-06,8.43e-06,6.17e-06,3.53e-06
5.46e-06,2.67e-06,7.6e-06,5.58e-06,2.93e-06
5.923e-06,2.19e-06,8.31e-06,6.151e-06,3.33e-06
5.488e-06,2.8e-06,7.67e-06,5.53e-06,2.8e-06
9.04e-06,2.3e-06,1.154e-05,9.78e-06,2.3e-06
5.456e-06,2.41e-06,7.631e-06,5.541e-06,2.41e-06
5.259e-06,2.46e-06,7.38e-06,5.315e-06,2.46e-06
5.395e-06,2.671e-06,7.58e-06,5.45e-06,2.671e-06
5.274e-06,2.69e-06,7.41e-06,5.315e-06,2.69e-06
5.494e-06,2.57e-06,7.78e-06,5.555e-06,2.99e-06
5.525e-06,2.69e-06,7.73e-06,5.67e-06,2.74e-06
5.322e-06,2.38e-06,7.5e-06,5.275e-06,2.38e-06
5.312e-06,2.43e-06,7.241e-06,5.395e-06,2.43e-06
5.324e-06,2.7e-06,7.61e-06,5.27e-06,2.73e-06
5.356e-06,2.49e-06,7.61e-06,5.466e-06,2.49e-06
5.514e-06,2.75e-06,7.68e-06,5.68e-06,2.88e-06
5.531e-06,2.62e-06,7.79e-06,5.69e-06,2.81e-06
5.252e-06,2.65e-06,7.41e-06,5.245e-06,2.91e-06
5.217e-06,2.34e-06,7.23e-06,5.25e-06,2.34e-06
5.654e-06,2.48e-06,8.02e-06,5.705e-06,3.03e-06
5.175e-06,2.29e-06,7.18e-06,5.205e-06,2.29e-06
5.356e-06,2.66e-06,7.55e-06,5.455e-06,2.74e-06
5.219e-06,2.25e-06,7.26e-06,5.17e-06,2.25e-06
5.562e-06,2.55e-06,7.86e-06,5.651e-06,2.98e-06
5.315e-06,2.57e-06,7.48e-06,5.3e-06,2.95e-06
5.324e-06,2.77e-06,7.24e-06,5.345e-06,2.84e-06
5.476e-06,2.49e-06,7.63e-06,5.64e-06,2.86e-06
5.446e-06,2.7e-06,7.661e-06,5.49e-06,2.73e-06
5.217e-06,2.34e-06,7.31e-06,5.335e-06,2.34e-06
5.536e-06,2.38e-06,7.81e-06,5.48e-06,3.07e-06
5.234e-06,2.61e-06,7.33e-06,5.255e-06,2.61e-06
5.405e-06,2.36e-06,7.55e-06,5.435e-06,2.36e-06
5.263e-06,2.59e-06,7.22e-06,5.346e-06,2.59e-06
5.315e-06,2.52e-06,7.62e-06,5.36e-06,2.52e-06
5.518e-06,2.66e-06,7.651e-06,5.695e-06,2.75e-06
5.187e-06,2.6e-06,7.36e-06,5.095e-06,2.6e-06
5.211e-06,2.481e-06,7.2e-06,5.405e-06,2.481e-06
5.329e-06,2.63e-06,7.23e-06,5.375e-06,2.63e-06
5.303e-06,2.69e-06,7.47e-06,5.14e-06,2.69e-06
5.763e-06,2.31e-06,7.89e-06,6.02e-06,3.07e-06
5.272e-06,2.51e-06,7.52e-06,5.25e-06,2.51e-06
5.539e-06,2.37e-06,7.87e-06,5.606e-06,3.12e-06
5.711e-06,2.53e-06,7.97e-06,5.895e-06,2.92e-06
5.496e-06,2.65e-06,7.6e-06,5.515e-06,2.8e-06
5.2e-06,2.21e-06,7.34e-06,5.105e-06,2.21e-06
5.373e-06,2.56e-06,7.57e-06,5.125e-06,2.86e-06
5.483e-06,2.67e-06,7.65e-06,5.63e-06,2.89e-06
5.334e-06,2.74e-06,7.53e-06,5.32e-06,2.74e-06
5.496e-06,2.6e-06,7.65e-06,5.725e-06,2.82e-06
5.546e-06,2.5e-06,7.901e-06,5.685e-06,3.06e-06
5.697e-06,2.34e-06,7.87e-06,5.785e-06,3.08e-06
5.251e-06,2.51e-06,7.23e-06,5.12e-06,2.51e-06
5.236e-06,2.21e-06,7.1e-06,5.105e-06,2.21e-06
5.261e-06,2.51e-06,7.42e-06,5.21e-06,2.51e-06
5.236e-06,2.66e-06,7.74e-06,5.325e-06,2.81e-06
5.709e-06,2.31e-06,7.97e-06,5.905e-06,3.14e-06
5.591e-06,2.47e-06,7.801e-06,5.73e-06,2.96e-06
5.38e-06,2.62e-06,7.53e-06,5.35e-06,2.62e-06
5.475e-06,2.48e-06,7.45e-06,5.595e-06,2.91e-06
5.253e-06,2.26e-06,7.29e-06,5.275e-06,2.26e-06
5.322e-06,1.97e-06,7.35e-06,5.275e-06,1.97e-06
5.163e-06,2.58e-06,6.96e-06,5.08e-06,2.58e-06
5.425e-06,2.5e-06,7.76e-06,5.415e-06,2.5e-06
5.403e-06,2.691e-06,7.43e-06,5.485e-06,2.78e-06
5.276e-06,2.57e-06,7.18e-06,5.325e-06,2.57e-06
5.355e-06,2.53e-06,7.52e-06,5.475e-06,2.53e-06
5.497e-06,2.55e-06,7.88e-06,5.65e-06,2.84e-06
5.31e-06,2.49e-06,7.46e-06,5.285e-06,2.49e-06
5.455e-06,2.72e-06,7.6e-06,5.546e-06,2.72e-06
5.262e-06,2.521e-06,7.21e-06,5.275e-06,2.521e-06
5.458e-06,2.63e-06,7.67e-06,5.5e-06,2.63e-06
5.347e-06,2.65e-06,7.481e-06,5.325e-06,2.65e-06
5.294e-06,2.67e-06,7.44e-06,5.165e-06,2.67e-06
5.239e-06,2.75e-06,7.19e-06,5.055e-06,2.75e-06
6.064e-06,1.89e-06,8.35e-06,6.345e-06,1.89e-06
5.372e-06,2.55e-06,7.39e-06,5.306e-06,2.55e-06
5.256e-06,2.35e-06,7.35e-06,5.22e-06,2.35e-06
5.407e-06,2.56e-06,7.66e-06,5.271e-06,2.56e-06
5.505e-06,1.77e-06,7.55e-06,5.645e-06,1.77e-06
5.321e-06,2.24e-06,7.27e-06,5.215e-06,2.24e-06
5.325e-06,2.41e-06,7.49e-06,5.285e-06,2.41e-06
5.546e-06,2.89e-06,7.44e-06,5.57e-06,2.89e-06
5.544e-06,1.91e-06,7.68e-06,5.635e-06,1.91e-06
5.376e-06,2.32e-06,7.59e-06,5.22e-06,2.32e-06
5.325e-06,2.64e-06,7.031e-06,5.436e-06,2.64e-06
5.348e-06,2.44e-06,7.44e-06,5.365e-06,2.44e-06
5.311e-06,2.21e-06,7.27e-06,5.355e-06,2.21e-06
5.315e-06,2.3e-06,7.36e-06,5.365e-06,2.3e-06
5.337e-06,2.75e-06,7.43e-06,5.38e-06,2.75e-06
5.436e-06,2.53e-06,7.41e-06,5.735e-06,2.53e-06
5.486e-06,2.571e-06,7.61e-06,5.61e-06,2.571e-06
5.364e-06,2.04e-06,7.331e-06,5.29e-06,2.04e-06
5.256e-06,2.15e-06,7.27e-06,5.295e-06,2.15e-06
5.601e-06,2.71e-06,7.76e-06,5.765e-06,2.8e-06
5.63e-06,2.77e-06,8.01e-06,5.675e-06,2.781e-06
5.316e-06,2.33e-06,7.41e-06,5.305e-06,2.33e-06
5.574e-06,2.72e-06,7.85e-06,5.63e-06,2.87e-06
5.35e-06,2.54e-06,7.41e-06,5.445e-06,2.54e-06
5.595e-06,2.78e-06,7.7e-06,5.741e-06,2.94e-06
5.766e-06,2.31e-06,8.01e-06,5.97e-06,2.31e-06
5.187e-06,2.63e-06,7.27e-06,4.89e-06,2.63e-06
5.231e-06,2.21e-06,7.37e-06,5.235e-06,2.21e-06
5.285e-06,2.33e-06,7.4e-06,5.351e-06,2.33e-06
5.755e-06,2.36e-06,7.9e-06,5.965e-06,3.11e-06
5.255e-06,2.44e-06,7.28e-06,5.3e-06,2.44e-06
5.914e-06,2.46e-06,8.36e-06,6.081e-06,3.14e-06
5.219e-06,2.49e-06,7.4e-06,5.12e-06,2.49e-06
5.436e-06,2.55e-06,7.56e-06,5.605e-06,2.55e-06
5.775e-06,2.93e-06,8.01e-06,5.92e-06,3e-06
5.107e-06,2.29e-06,6.99e-06,5.075e-06,2.29e-06
5.145e-06,2.33e-06,6.93e-06,5.03e-06,2.33e-06
5.391e-06,2.54e-06,7.6e-06,5.15e-06,2.94e-06
5.264e-06,2.32e-06,7.52e-06,5.035e-06,2.32e-06
5.019e-06,2.38e-06,6.99e-06,4.88e-06,2.38e-06
5.259e-06,2.5e-06,7.3e-06,5.245e-06,2.5e-06
5.335e-06,2.61e-06,7.36e-06,5.315e-06,2.61e-06
5.316e-06,2.44e-06,7.28e-06,5.385e-06,2.44e-06
5.115e-06,2.45e-06,7.32e-06,4.94e-06,2.45e-06
5.246e-06,1.95e-06,7.48e-06,5.19e-06,1.95e-06
5.685e-06,2.55e-06,7.75e-06,5.906e-06,2.98e-06
5.227e-06,2.47e-06,7.251e-06,5.166e-06,2.47e-06
5.251e-06,2.6e-06,7.31e-06,5.16e-06,2.6e-06
5.386e-06,2.13e-06,7.42e-06,5.44e-06,2.13e-06
5.246e-06,2.401e-06,7.18e-06,5.125e-06,2.401e-06
5.337e-06,2.38e-06,7.53e-06,5.375e-06,2.38e-06
5.295e-06,2.37e-06,7.43e-06,5.24e-06,2.37e-06
5.131e-06,2.41e-06,7.04e-06,4.955e-06,2.41e-06
5.522e-06,2.79e-06,7.611e-06,5.705e-06,2.9e-06
5.081e-06,2.32e-06,7.181e-06,5.04e-06,2.32e-06
5.439e-06,2.73e-06,7.56e-06,5.426e-06,2.73e-06
5.451e-06,2.46e-06,7.57e-06,5.435e-06,2.46e-06
5.392e-06,2.55e-06,7.42e-06,5.22e-06,2.91e-06
5.247e-06,2.61e-06,7.42e-06,5.015e-06,2.61e-06
5.344e-06,2.35e-06,7.42e-06,5.496e-06,2.35e-06
5.186e-06,2.46e-06,7.08e-06,5.225e-06,2.46e-06
5.444e-06,2.49e-06,7.74e-06,5.44e-06,2.49e-06
5.629e-06,2.5e-06,7.8e-06,5.9e-06,2.97e-06
5.201e-06,2.35e-06,7.15e-06,5.1e-06,2.35e-06
5.135e-06,2.52e-06,7.151e-06,5.145e-06,2.52e-06
5.387e-06,2.63e-06,7.57e-06,5.455e-06,2.63e-06
0.000117564,2.5e-06,0.000189243,0.000185447,0.000185403
5.254e-06,2.03e-06,7.12e-06,5.081e-06,2.03e-06
5.319e-06,2.431e-06,7.68e-06,5.23e-06,2.431e-06
5.507e-06,2.58e-06,7.691e-06,5.595e-06,2.95e-06
5.666e-06,2.67e-06,7.87e-06,5.9e-06,2.87e-06
5.269e-06,2.76e-06,7.39e-06,5.12e-06,2.76e-06
5.465e-06,2.621e-06,7.48e-06,5.49e-06,2.621e-06
5.3e-06,2.43e-06,7.31e-06,5.321e-06,2.43e-06
5.49e-06,2.72e-06,7.54e-06,5.425e-06,2.72e-06
5.263e-06,2.24e-06,7.44e-06,5.28e-06,2.24e-06
5.404e-06,2.71e-06,7.51e-06,5.265e-06,2.75e-06
5.316e-06,2.691e-06,7.4e-06,5.461e-06,2.81e-06
5.292e-06,2.56e-06,7.28e-06,5.245e-06,2.56e-06
5.718e-06,2.58e-06,7.9e-06,5.82e-06,2.58e-06
5.234e-06,2.61e-06,7.42e-06,5.07e-06,2.61e-06
5.548e-06,2.17e-06,7.64e-06,5.63e-06,2.17e-06
5.153e-06,2.48e-06,7.11e-06,4.955e-06,2.48e-06
5.425e-06,1.98e-06,7.37e-06,5.72e-06,1.98e-06
5.28e-06,2.6e-06,7.25e-06,5.075e-06,2.6e-06
5.572e-06,2.02e-06,7.68e-06,5.56e-06,2.02e-06
5.165e-06,2.56e-06,6.911e-06,5.176e-06,2.56e-06
5.488e-06,2.68e-06,7.72e-06,5.44e-06,2.93e-06
5.248e-06,1.94e-06,7.31e-06,5.185e-06,1.94e-06
5.213e-06,2.42e-06,7.29e-06,5.025e-06,2.42e-06
5.578e-06,2.67e-06,7.95e-06,5.68e-06,2.95e-06
5.54e-06,2.17e-06,7.571e-06,5.555e-06,2.17e-06
5.529e-06,2.55e-06,7.59e-06,5.54e-06,2.55e-06
5.434e-06,2.761e-06,7.54e-06,5.495e-06,2.8e-06
5.228e-06,2.27e-06,7.24e-06,5.31e-06,2.27e-06
5.267e-06,2.4e-06,7.49e-06,4.95e-06,2.4e-06
5.195e-06,2.57e-06,7.09e-06,5.21e-06,2.57e-06
5.387e-06,2.2e-06,7.321e-06,5.49e-06,2.2e-06
5.225e-06,2.35e-06,7.36e-06,5.075e-06,2.35e-06
5.248e-06,2.1e-06,7.33e-06,5.18e-06,2.1e-06
5.624e-06,2.59e-06,7.77e-06,5.675e-06,3.03e-06
5.288e-06,2.621e-06,7.48e-06,5.255e-06,2.621e-06
5.148e-06,2.42e-06,7.1e-06,5.02e-06,2.42e-06
5.374e-06,2.47e-06,7.5e-06,5.335e-06,2.47e-06
5.311e-06,2.8e-06,7.47e-06,5.221e-06,2.8e-06
5.299e-06,2.63e-06,7.45e-06,5.305e-06,2.63e-06
5.212e-06,2.39e-06,7.21e-06,5.2e-06,2.39e-06
5.472e-06,2.69e-06,7.7e-06,5.67e-06,2.69e-06
5.844e-06,2.51e-06,8.31e-06,5.955e-06,3.22e-06
5.763e-06,2.94e-06,7.92e-06,5.915e-06,2.94e-06
5.247e-06,1.89e-06,7.61e-06,5.18e-06,1.89e-06
5.274e-06,2.53e-06,7.46e-06,5.23e-06,2.53e-06
5.602e-06,2.59e-06,7.73e-06,5.82e-06,3.04e-06
5.523e-06,2.79e-06,7.661e-06,5.585e-06,2.81e-06
5.204e-06,2.65e-06,7.09e-06,5.18e-06,2.65e-06
5.271e-06,2.46e-06,7.321e-06,5.261e-06,2.46e-06
5.164e-06,2.22e-06,7.02e-06,5.165e-06,2.22e-06
5.478e-06,2.76e-06,7.57e-06,5.525e-06,2.79e-06
5.375e-06,2.67e-06,7.4e-06,5.545e-06,2.67e-06
5.66e-06,2.33e-06,7.81e-06,5.825e-06,3.11e-06
5.548e-06,2.69e-06,7.72e-06,5.62e-06,2.93e-06
5.387e-06,2.2e-06,7.72e-06,5.415e-06,2.2e-06
5.877e-06,2.33e-06,8.17e-06,6.301e-06,3.49e-06
5.381e-06,2.35e-06,7.41e-06,5.465e-06,2.35e-06
5.711e-06,2.54e-06,7.87e-06,5.835e-06,3.14e-06
5.388e-06,2.71e-06,7.35e-06,5.285e-06,2.71e-06
5.116e-06,2.36e-06,7.1e-06,5.025e-06,2.36e-06
1.7256e-05,2.71e-06,0.000121772,6.075e-06,2.71e-06
5.553e-06,2.99e-06,7.99e-06,5.46e-06,2.99e-06
5.511e-06,2.751e-06,7.82e-06,5.72e-06,2.751e-06
5.241e-06,2.3e-06,7.18e-06,5.21e-06,2.3e-06
5.563e-06,1.99e-06,7.931e-06,5.821e-06,1.99e-06
5.542e-06,2.601e-06,7.9e-06,5.69e-06,2.96e-06
5.638e-06,2.65e-06,8.04e-06,5.705e-06,2.891e-06
5.421e-06,1.8e-06,7.57e-06,5.55e-06,1.8e-06
5.231e-06,2.47e-06,7.37e-06,5.16e-06,2.47e-06
5.555e-06,2.75e-06,7.83e-06,5.515e-06,2.89e-06
5.816e-06,2.72e-06,8.15e-06,6.1e-06,2.85e-06
5.262e-06,2.26e-06,7.3e-06,5.385e-06,2.26e-06
5.572e-06,2.29e-06,7.65e-06,5.69e-06,2.29e-06
5.004e-06,2.62e-06,6.86e-06,4.68e-06,2.62e-06
5.428e-06,2.86e-06,7.51e-06,5.345e-06,2.86e-06
5.579e-06,2.71e-06,7.7e-06,5.745e-06,2.85e-06
5.465e-06,2.68e-06,7.69e-06,5.56e-06,2.68e-06
5.363e-06,2.42e-06,7.45e-06,5.475e-06,2.42e-06
5.548e-06,2.71e-06,7.69e-06,5.565e-06,2.89e-06
5.663e-06,2.51e-06,8.13e-06,5.925e-06,2.51e-06
5.413e-06,2.61e-06,7.44e-06,5.52e-06,2.61e-06
5.459e-06,2.62e-06,7.68e-06,5.56e-06,2.62e-06
5.468e-06,2.73e-06,7.481e-06,5.55e-06,2.81e-06
5.184e-06,2.42e-06,7.11e-06,5.21e-06,2.42e-06
5.407e-06,2.67e-06,7.68e-06,5.36e-06,2.87e-06
5.218e-06,2.61e-06,7.03e-06,5.32e-06,2.61e-06
5.458e-06,2.25e-06,7.55e-06,5.555e-06,2.25e-06
5.251e-06,2.57e-06,7.35e-06,5.22e-06,2.57e-06
5.34e-06,2.72e-06,7.331e-06,5.44e-06,2.72e-06
5.335e-06,2.31e-06,7.281e-06,5.28e-06,2.31e-06
5.373e-06,2.56e-06,7.69e-06,5.245e-06,2.56e-06
5.429e-06,2.77e-06,7.53e-06,5.296e-06,2.86e-06
5.681e-06,2.44e-06,8.09e-06,5.92e-06,2.44e-06
5.396e-06,3.04e-06,7.41e-06,5.575e-06,3.04e-06
5.354e-06,2.21e-06,7.42e-06,5.435e-06,2.21e-06
5.316e-06,2.48e-06,7.55e-06,5.165e-06,2.48e-06
5.266e-06,2.4e-06,7.58e-06,5.225e-06,2.4e-06
5.474e-06,2.1e-06,7.54e-06,5.64e-06,2.1e-06
5.894e-06,2.6e-06,8.37e-06,6e-06,3.27e-06
5.17e-06,2.601e-06,7.22e-06,5.23e-06,2.601e-06
5.451e-06,2.66e-06,7.701e-06,5.585e-06,2.66e-06
5.436e-06,2.74e-06,7.48e-06,5.495e-06,2.74e-06
5.317e-06,2.73e-06,7.231e-06,5.185e-06,2.74e-06
5.358e-06,2.85e-06,7.34e-06,5.435e-06,2.85e-06
1.159e-05,2.17e-06,1.526e-05,1.3366e-05,2.17e-06
5.312e-06,2.17e-06,7.59e-06,5.42e-06,2.17e-06
5.79e-06,2.74e-06,8.1e-06,6.13e-06,2.9e-06
5.506e-06,2.11e-06,7.8e-06,5.56e-06,2.11e-06
5.338e-06,2.67e-06,7.43e-06,5.406e-06,2.67e-06
5.376e-06,2.46e-06,7.46e-06,5.39e-06,2.46e-06
5.372e-06,2.47e-06,7.75e-06,5.345e-06,2.47e-06
5.084e-06,2.63e-06,7.14e-06,4.925e-06,2.63e-06
5.354e-06,2.71e-06,7.39e-06,5.455e-06,2.71e-06
5.219e-06,2.46e-06,7.17e-06,5.04e-06,2.46e-06
5.545e-06,2.92e-06,7.381e-06,5.635e-06,2.99e-06
5.12e-06,2.361e-06,7.4e-06,5.095e-06,2.361e-06
5.422e-06,2.75e-06,7.74e-06,5.435e-06,2.75e-06
5.361e-06,2.5e-06,7.391e-06,5.31e-06,2.5e-06
5.618e-06,2.631e-06,7.84e-06,5.785e-06,2.85e-06
5.387e-06,2.671e-06,7.54e-06,5.31e-06,2.671e-06
7.614e-06,1.67e-06,1.059e-05,8.315e-06,6.7e-06
5.655e-06,2.35e-06,7.72e-06,5.825e-06,2.35e-06
5.659e-06,2.49e-06,7.85e-06,5.705e-06,3.16e-06
5.285e-06,2.64e-06,7.36e-06,5.135e-06,2.64e-06
5.541e-06,2.63e-06,7.871e-06,5.705e-06,2.91e-06
5.522e-06,2.74e-06,7.7e-06,5.57e-06,2.74e-06
5.359e-06,2.29e-06,7.39e-06,5.471e-06,2.29e-06
5.239e-06,2.631e-06,7.35e-06,5.04e-06,2.631e-06
5.383e-06,2.04e-06,7.54e-06,5.52e-06,2.04e-06
5.361e-06,2.1e-06,7.5e-06,5.45e-06,2.1e-06
5.648e-06,2.61e-06,7.82e-06,5.795e-06,3.1e-06
5.69e-06,1.781e-06,7.84e-06,5.78e-06,1.781e-06
5.326e-06,2.61e-06,7.48e-06,5.16e-06,2.61e-06
5.182e-06,2.7e-06,7.18e-06,5.055e-06,2.7e-06
5.293e-06,2.09e-06,7.56e-06,5.205e-06,2.09e-06
5.191e-06,2.53e-06,7.29e-06,5.28e-06,2.53e-06
5.419e-06,2.56e-06,7.61e-06,5.471e-06,2.56e-06
5.372e-06,2.03e-06,7.56e-06,5.51e-06,2.03e-06
5.521e-06,2.85e-06,7.64e-06,5.375e-06,3.05e-06
5.257e-06,2.07e-06,7.19e-06,5.17e-06,2.07e-06
5.472e-06,2.15e-06,7.63e-06,5.47e-06,2.15e-06
5.229e-06,2.5e-06,7.21e-06,5.09e-06,2.5e-06
5.272e-06,2.64e-06,7.22e-06,5.175e-06,2.64e-06
5.396e-06,2.66e-06,7.47e-06,5.326e-06,2.9e-06
5.34e-06,2.6e-06,7.52e-06,5.121e-06,2.6e-06
5.212e-06,2.67e-06,7.14e-06,5.01e-06,2.67e-06
5.267e-06,2.43e-06,7.331e-06,5.22e-06,2.43e-06
5.371e-06,2.61e-06,7.37e-06,5.41e-06,2.61e-06
5.312e-06,2.49e-06,7.42e-06,5.185e-06,2.49e-06
5.32e-06,2.66e-06,7.36e-06,5.295e-06,2.66e-06
5.158e-06,2.49e-06,7.26e-06,5.025e-06,2.49e-06
5.365e-06,2.38e-06,7.69e-06,5.375e-06,2.38e-06
5.257e-06,2.23e-06,7.33e-06,5.385e-06,2.23e-06
5.468e-06,2.61e-06,7.411e-06,5.59e-06,2.94e-06
5.475e-06,2.18e-06,7.53e-06,5.715e-06,2.18e-06
5.462e-06,1.82e-06,7.381e-06,5.72e-06,1.82e-06
5.271e-06,2.431e-06,7.49e-06,5.23e-06,2.431e-06
5.37e-06,2.53e-06,7.55e-06,5.431e-06,2.53e-06
5.279e-06,2.73e-06,7.32e-06,5.23e-06,2.73e-06
5.574e-06,2.58e-06,7.72e-06,5.7e-06,3.04e-06
5.373e-06,2.681e-06,7.38e-06,5.405e-06,2.681e-06
5.414e-06,2.32e-06,7.54e-06,5.225e-06,2.32e-06
5.402e-06,2.54e-06,7.65e-06,5.43e-06,3.02e-06
5.29e-06,2.94e-06,7.23e-06,5.3e-06,2.94e-06
5.379e-06,2.33e-06,7.59e-06,5.606e-06,2.33e-06
5.716e-06,2.3e-06,8.06e-06,5.855e-06,3.32e-06
6.018e-06,2.08e-06,8.31e-06,6.325e-06,3.64e-06
5.214e-06,2.55e-06,7.15e-06,5.195e-06,2.55e-06
5.405e-06,2.74e-06,7.46e-06,5.42e-06,2.85e-06
5.249e-06,2.59e-06,7.26e-06,5.315e-06,2.59e-06
5.892e-06,2.28e-06,8.31e-06,6.13e-06,3.3e-06
5.104e-06,2.25e-06,7.17e-06,4.87e-06,2.25e-06
5.611e-06,2.57e-06,7.83e-06,5.715e-06,2.97e-06
5.342e-06,2.32e-06,7.32e-06,5.29e-06,2.32e-06
5.355e-06,2.67e-06,7.43e-06,5.22e-06,2.67e-06
5.381e-06,2.07e-06,7.491e-06,5.415e-06,2.07e-06
5.268e-06,2.48e-06,7.37e-06,5.255e-06,2.48e-06
5.135e-06,2.43e-06,7.06e-06,5.09e-06,2.43e-06
5.308e-06,2.77e-06,7.49e-06,5.26e-06,2.82e-06
5.186e-06,2.76e-06,7.17e-06,5.305e-06,2.76e-06
5.315e-06,2.3e-06,7.51e-06,5.26e-06,2.3e-06
5.199e-06,2.75e-06,7.18e-06,5.045e-06,2.86e-06
5.281e-06,2.62e-06,7.27e-06,5.365e-06,2.62e-06
5.403e-06,2.26e-06,7.56e-06,5.41e-06,2.26e-06
5.549e-06,2.33e-06,7.64e-06,5.645e-06,2.33e-06
5.396e-06,2.57e-06,7.62e-06,5.421e-06,2.57e-06
5.706e-06,2.74e-06,8.04e-06,5.895e-06,2.74e-06
5.214e-06,2.62e-06,7.16e-06,5.075e-06,2.62e-06
5.24e-06,2.49e-06,7.36e-06,5.09e-06,2.49e-06
5.44e-06,2.76e-06,7.6e-06,5.46e-06,2.871e-06
5.354e-06,2.7e-06,7.541e-06,5.41e-06,2.7e-06
5.217e-06,2.58e-06,7.06e-06,5.235e-06,2.58e-06
5.479e-06,2.64e-06,7.64e-06,5.61e-06,2.93e-06
5.324e-06,2.7e-06,7.351e-06,5.385e-06,2.7e-06
5.476e-06,2.51e-06,7.69e-06,5.445e-06,2.93e-06
5.272e-06,2.77e-06,7.19e-06,5.17e-06,2.77e-06
5.437e-06,1.97e-06,7.4e-06,5.42e-06,1.97e-06
5.416e-06,2.68e-06,7.321e-06,5.12e-06,2.68e-06
5.401e-06,2.67e-06,7.46e-06,5.38e-06,2.77e-06
5.21e-06,2.61e-06,7.28e-06,5.185e-06,2.61e-06
5.611e-06,2.61e-06,8.02e-06,5.83e-06,2.61e-06
5.512e-06,2.75e-06,7.84e-06,5.695e-06,2.81e-06
5.578e-06,2.71e-06,7.69e-06,5.665e-06,2.81e-06
5.085e-06,2.43e-06,7.32e-06,4.93e-06,2.43e-06
5.397e-06,2.45e-06,7.541e-06,5.475e-06,2.45e-06
5.397e-06,1.92e-06,7.43e-06,5.385e-06,1.92e-06
5.342e-06,2.67e-06,7.38e-06,5.291e-06,2.67e-06
5.353e-06,2.19e-06,7.53e-06,5.375e-06,2.19e-06
5.381e-06,2.38e-06,7.46e-06,5.45e-06,2.38e-06
5.552e-06,2.651e-06,7.72e-06,5.745e-06,2.87e-06
5.511e-06,2.62e-06,7.84e-06,5.6e-06,2.78e-06
5.255e-06,2.71e-06,7.33e-06,5.265e-06,2.71e-06
5.465e-06,2.03e-06,7.461e-06,5.53e-06,2.03e-06
5.502e-06,2.69e-06,7.42e-06,5.535e-06,3.03e-06
5.347e-06,2.43e-06,7.48e-06,5.5e-06,2.43e-06
5.456e-06,2.83e-06,7.68e-06,5.425e-06,2.83e-06
1.3651e-05,1.94e-06,1.775e-05,1.5561e-05,1.329e-05
5.453e-06,2.811e-06,7.57e-06,5.2e-06,2.811e-06
5.261e-06,2.61e-06,7.53e-06,5.115e-06,2.61e-06
5.418e-06,2.09e-06,7.65e-06,5.465e-06,2.09e-06
5.343e-06,2.03e-06,7.54e-06,5.365e-06,2.03e-06
5.14e-06,2.57e-06,7.33e-06,5.095e-06,2.57e-06
5.357e-06,2.53e-06,7.53e-06,5.3e-06,2.53e-06
5.178e-06,2.32e-06,7.19e-06,5.2e-06,2.32e-06
5.404e-06,2.44e-06,7.67e-06,5.52e-06,2.44e-06
5.107e-06,2.41e-06,7.52e-06,4.995e-06,2.41e-06
5.285e-06,2.64e-06,7.411e-06,5.475e-06,2.64e-06
5.23e-06,2.33e-06,7.61e-06,5.08e-06,2.33e-06
5.191e-06,2.33e-06,7.44e-06,5.19e-06,2.33e-06
5.122e-06,2.61e-06,7.08e-06,5.035e-06,2.61e-06
5.646e-06,2.36e-06,7.8e-06,5.766e-06,3.11e-06
5.241e-06,2.7e-06,7.31e-06,5.125e-06,2.7e-06
5.388e-06,2.22e-06,7.7e-06,5.38e-06,2.22e-06
5.388e-06,2.72e-06,7.611e-06,5.4e-06,2.75e-06
5.432e-06,2.75e-06,7.48e-06,5.595e-06,2.75e-06
5.422e-06,2.721e-06,7.38e-06,5.54e-06,2.75e-06
5.255e-06,2.63e-06,7.44e-06,5.25e-06,2.63e-06
5.317e-06,2.65e-06,7.3e-06,5.255e-06,2.83e-06
5.8e-06,2.62e-06,8.04e-06,6.105e-06,2.861e-06
5.328e-06,2.11e-06,7.591e-06,5.325e-06,2.11e-06
5.654e-06,2.61e-06,7.81e-06,5.845e-06,2.93e-06
6.28e-06,2.08e-06,1.015e-05,6.295e-06,3.62e-06
5.746e-06,2.44e-06,8.11e-06,5.921e-06,3.09e-06
5.267e-06,2.61e-06,7.24e-06,5.225e-06,2.61e-06
5.2e-06,2.48e-06,7.15e-06,5.22e-06,2.48e-06
5.313e-06,2.57e-06,7.27e-06,5.31e-06,2.57e-06
5.353e-06,2.71e-06,7.76e-06,5.235e-06,2.71e-06
5.259e-06,2.19e-06,7.05e-06,5.29e-06,2.19e-06
5.117e-06,2.15e-06,6.89e-06,5.055e-06,2.15e-06
5.529e-06,2.53e-06,7.44e-06,5.49e-06,2.53e-06
4.93e-06,2.51e-06,6.59e-06,4.49e-06,2.51e-06
5.377e-06,2.67e-06,7.46e-06,5.431e-06,2.67e-06
5.295e-06,2.24e-06,7.31e-06,5.34e-06,2.24e-06
5.223e-06,2.56e-06,7.22e-06,5.035e-06,2.56e-06
5.65e-06,2.52e-06,7.89e-06,5.755e-06,3.041e-06
5.201e-06,2.53e-06,7.121e-06,5.085e-06,2.53e-06
5.231e-06,2.42e-06,7.24e-06,5.125e-06,2.42e-06
5.114e-06,2.43e-06,7.18e-06,4.995e-06,2.43e-06
5.454e-06,2.71e-06,7.76e-06,5.345e-06,2.71e-06
5.437e-06,2.17e-06,7.4e-06,5.69e-06,2.17e-06
5.32e-06,2.5e-06,7.42e-06,5.32e-06,2.5e-06
5.384e-06,2.68e-06,7.71e-06,5.37e-06,2.68e-06
5.3e-06,2.36e-06,7.371e-06,5.415e-06,2.36e-06
5.094e-06,2.78e-06,7.05e-06,4.925e-06,2.78e-06
5.262e-06,2.18e-06,7.28e-06,5.345e-06,2.18e-06
5.156e-06,2.49e-06,7.14e-06,4.815e-06,2.49e-06
5.439e-06,2.68e-06,7.46e-06,5.62e-06,2.68e-06
5.22e-06,2.25e-06,7.65e-06,5.235e-06,2.25e-06
5.306e-06,2.72e-06,7.35e-06,5.186e-06,2.78e-06
5.317e-06,2.23e-06,7.61e-06,5.385e-06,2.23e-06
5.573e-06,2.03e-06,7.88e-06,5.74e-06,3.37e-06
5.231e-06,2.54e-06,7.23e-06,5.115e-06,2.54e-06
5.326e-06,2.06e-06,7.42e-06,5.465e-06,2.06e-06
5.744e-06,2.51e-06,8.06e-06,6.025e-06,3.01e-06
5.278e-06,2.42e-06,7.31e-06,5.24e-06,2.42e-06
5.311e-06,2.7e-06,7.561e-06,5.166e-06,2.7e-06
5.198e-06,2.57e-06,7.06e-06,5.22e-06,2.57e-06
5.36e-06,2.75e-06,7.25e-06,5.445e-06,2.75e-06
5.304e-06,2.59e-06,7.41e-06,5.18e-06,2.59e-06
5.246e-06,2.781e-06,7.41e-06,5.235e-06,2.781e-06
5.262e-06,2.39e-06,7.56e-06,5.23e-06,2.39e-06
5.185e-06,2.31e-06,7.53e-06,5.005e-06,2.31e-06
5.279e-06,2.71e-06,7.51e-06,5.22e-06,2.81e-06
5.202e-06,2.39e-06,7.18e-06,5.23e-06,2.39e-06
5.269e-06,2.25e-06,7.35e-06,5.21e-06,2.25e-06
5.17e-06,2.68e-06,7.33e-06,5.175e-06,2.68e-06
5.303e-06,2.58e-06,7.46e-06,5.26e-06,2.58e-06
5.1e-06,2.65e-06,7.23e-06,4.985e-06,2.65e-06
5.2e-06,2.26e-06,7.21e-06,5.27e-06,2.26e-06
5.304e-06,2.55e-06,7.09e-06,5.39e-06,2.55e-06
5.558e-06,2.6e-06,7.7e-06,5.57e-06,2.9e-06
5.037e-06,2.36e-06,6.84e-06,4.895e-06,2.36e-06
5.284e-06,2.14e-06,7.331e-06,5.526e-06,2.14e-06
5.987e-06,2.4e-06,8.17e-06,6.14e-06,3.54e-06
5.43e-06,2.77e-06,7.65e-06,5.56e-06,2.77e-06
5.431e-06,2.32e-06,7.55e-06,5.545e-06,2.32e-06
5.386e-06,2.74e-06,7.59e-06,5.425e-06,2.74e-06
5.241e-06,2.26e-06,7.09e-06,5.195e-06,2.26e-06
5.567e-06,2.48e-06,7.75e-06,5.605e-06,3.02e-06
5.146e-06,2.42e-06,7.241e-06,5.1e-06,2.42e-06
5.459e-06,2.71e-06,7.68e-06,5.515e-06,2.74e-06
5.179e-06,2.28e-06,7.24e-06,5.106e-06,2.28e-06
5.669e-06,2.38e-06,7.89e-06,5.815e-06,3.1e-06
5.216e-06,2.57e-06,7.2e-06,5.23e-06,2.57e-06
5.215e-06,2.311e-06,7.031e-06,5.205e-06,2.311e-06
5.158e-06,2.46e-06,7.32e-06,5.15e-06,2.46e-06
5.676e-06,2.37e-06,7.75e-06,5.89e-06,3.08e-06
5.102e-06,2.34e-06,7.19e-06,4.961e-06,2.34e-06
5.229e-06,2.43e-06,7.37e-06,5.165e-06,2.43e-06
5.234e-06,2.67e-06,7.35e-06,5.205e-06,2.67e-06
5.24e-06,2.57e-06,7.21e-06,5.18e-06,2.57e-06
5.167e-06,2.45e-06,7.28e-06,4.905e-06,2.45e-06
5.262e-06,2.57e-06,7.34e-06,5.27e-06,2.57e-06
5.143e-06,2.52e-06,7.22e-06,5.045e-06,2.52e-06
5.235e-06,2.58e-06,7.431e-06,5.16e-06,2.58e-06
5.216e-06,2.53e-06,7.22e-06,5.08e-06,2.53e-06
5.277e-06,2.45e-06,7.29e-06,5.25e-06,2.45e-06
5.195e-06,2.5e-06,7.17e-06,5.065e-06,2.5e-06
5.326e-06,2.21e-06,7.5e-06,5.3e-06,2.21e-06
5.265e-06,2.5e-06,7.24e-06,5.32e-06,2.5e-06
5.574e-06,2.42e-06,8.1e-06,5.725e-06,2.42e-06
5.098e-06,2.58e-06,7.4e-06,5.045e-06,2.58e-06
5.805e-06,2.59e-06,8.44e-06,6.105e-06,2.96e-06
5.477e-06,2.45e-06,7.69e-06,5.59e-06,3.05e-06
5.233e-06,2.61e-06,7.25e-06,5.245e-06,2.61e-06
5.262e-06,2.341e-06,7.39e-06,5.145e-06,2.341e-06
5.279e-06,2.71e-06,7.281e-06,5.405e-06,2.71e-06
5.311e-06,2.31e-06,7.47e-06,5.17e-06,2.31e-06
5.26e-06,2.33e-06,7.48e-06,5.375e-06,2.33e-06
5.283e-06,2.69e-06,7.15e-06,5.295e-06,2.69e-06
5.137e-06,2.39e-06,7.031e-06,5.245e-06,2.39e-06
5.525e-06,2.45e-06,7.94e-06,5.67e-06,2.99e-06
5.54e-06,2.581e-06,7.55e-06,5.58e-06,3.03e-06
5.174e-06,2.52e-06,7.3e-06,5.01e-06,2.52e-06
5.453e-06,1.83e-06,7.49e-06,5.415e-06,1.83e-06
5.48e-06,1.8e-06,7.72e-06,5.62e-06,1.8e-06
5.393e-06,2.89e-06,7.58e-06,5.285e-06,2.96e-06
5.038e-06,2.57e-06,7.03e-06,4.865e-06,2.57e-06
5.449e-06,2.62e-06,7.83e-06,5.305e-06,2.94e-06
5.078e-06,2.44e-06,7.25e-06,4.951e-06,2.44e-06
5.298e-06,2.61e-06,7.46e-06,5.285e-06,2.61e-06
5.138e-06,2.5e-06,7.051e-06,5.21e-06,2.5e-06
5.546e-06,2.46e-06,8.05e-06,5.515e-06,2.46e-06
5.111e-06,2.24e-06,7.21e-06,5e-06,2.24e-06
5.418e-06,2.71e-06,7.571e-06,5.47e-06,2.71e-06
5.281e-06,2.6e-06,7.37e-06,5.265e-06,2.6e-06
5.314e-06,2.551e-06,7.43e-06,5.256e-06,2.551e-06
5.167e-06,2.33e-06,7.11e-06,5.141e-06,2.33e-06
5.72e-06,2.36e-06,7.96e-06,5.88e-06,3.15e-06
5.136e-06,2.41e-06,7.01e-06,4.91e-06,2.41e-06
5.273e-06,2.68e-06,7.25e-06,5.265e-06,2.68e-06
5.401e-06,1.91e-06,7.35e-06,5.46e-06,1.91e-06
5.173e-06,2.37e-06,7.32e-06,5.035e-06,2.37e-06
5.274e-06,2.18e-06,7.4e-06,5.376e-06,2.18e-06
5.298e-06,2.15e-06,7.45e-06,5.32e-06,2.15e-06
5.152e-06,2.46e-06,7.09e-06,5.17e-06,2.46e-06
5.428e-06,2.75e-06,7.43e-06,5.51e-06,2.75e-06
5.384e-06,2.64e-06,7.5e-06,5.37e-06,2.64e-06
5.279e-06,2.71e-06,7.44e-06,5.175e-06,2.78e-06
5.077e-06,2.38e-06,7.191e-06,4.865e-06,2.38e-06
5.183e-06,2.51e-06,7.29e-06,5.2e-06,2.51e-06
5.161e-06,2.52e-06,7.21e-06,5.105e-06,2.52e-06
5.435e-06,2.58e-06,7.38e-06,5.51e-06,2.89e-06
5.282e-06,2.1e-06,7.29e-06,5.385e-06,2.1e-06
5.392e-06,2.2e-06,7.59e-06,5.42e-06,2.2e-06
5.415e-06,2.63e-06,7.41e-06,5.525e-06,2.89e-06
5.381e-06,2.68e-06,7.481e-06,5.285e-06,2.68e-06
5.202e-06,2.641e-06,7.29e-06,5.135e-06,2.641e-06
5.259e-06,2.56e-06,7.2e-06,5.265e-06,2.56e-06
5.411e-06,2.57e-06,7.32e-06,5.35e-06,2.89e-06
5.439e-06,2.66e-06,7.59e-06,5.536e-06,2.66e-06
5.388e-06,2.7e-06,7.34e-06,5.501e-06,2.7e-06
5.323e-06,2.53e-06,7.42e-06,5.24e-06,2.53e-06
5.134e-06,2.17e-06,7.16e-06,5.215e-06,2.17e-06
5.236e-06,2.4e-06,7.271e-06,5.085e-06,2.4e-06
5.076e-06,2.47e-06,6.89e-06,4.96e-06,2.47e-06
5.28e-06,1.95e-06,7.33e-06,5.205e-06,1.95e-06
5.361e-06,2.58e-06,7.63e-06,5.385e-06,2.58e-06
5.717e-06,2.27e-06,7.95e-06,5.991e-06,3.25e-06
5.294e-06,2.68e-06,7.34e-06,5.225e-06,2.68e-06
5.558e-06,2.92e-06,7.73e-06,5.735e-06,2.92e-06
5.305e-06,2.81e-06,7.261e-06,5.335e-06,2.81e-06
5.433e-06,2.44e-06,7.511e-06,5.495e-06,2.44e-06
5.259e-06,2.66e-06,7.44e-06,5.285e-06,2.66e-06
5.261e-06,2.15e-06,7.08e-06,5.46e-06,2.15e-06
5.343e-06,2.11e-06,7.4e-06,5.571e-06,2.11e-06
5.601e-06,2.6e-06,7.78e-06,6.08e-06,2.6e-06
5.605e-06,2.44e-06,7.77e-06,5.67e-06,3.05e-06
5.131e-06,2.13e-06,7.04e-06,5.211e-06,2.13e-06
5.285e-06,2.22e-06,7.31e-06,5.27e-06,2.22e-06
5.574e-06,2.4e-06,7.78e-06,5.65e-06,3.09e-06
5.566e-06,2.55e-06,7.76e-06,5.7e-06,3.07e-06
5.171e-06,2.401e-06,7.071e-06,5.055e-06,2.401e-06
5.086e-06,2.34e-06,7.03e-06,5.02e-06,2.34e-06
5.459e-06,2.5e-06,7.62e-06,5.62e-06,2.5e-06
5.321e-06,2.81e-06,7.27e-06,5.23e-06,3.11e-06
5.224e-06,2.44e-06,7.261e-06,5.21e-06,2.44e-06
5.339e-06,2.61e-06,7.23e-06,5.421e-06,2.61e-06
5.39e-06,2.33e-06,7.6e-06,5.5e-06,2.33e-06
5.398e-06,2.78e-06,7.38e-06,5.44e-06,2.78e-06
5.193e-06,2.34e-06,7.33e-06,5.155e-06,2.34e-06
5.045e-06,2.28e-06,6.75e-06,5.01e-06,2.28e-06
5.348e-06,2.63e-06,7.3e-06,5.4e-06,2.81e-06
5.21e-06,1.89e-06,7.02e-06,5.34e-06,1.89e-06
5.467e-06,2.03e-06,7.68e-06,5.36e-06,2.03e-06
5.529e-06,2.38e-06,7.88e-06,5.48e-06,3.14e-06
5.307e-06,2.73e-06,7.23e-06,5.345e-06,2.79e-06
5.324e-06,2.28e-06,7.61e-06,5.33e-06,2.28e-06
5.065e-06,2.49e-06,7e-06,5.025e-06,2.49e-06
5.279e-06,2.25e-06,7.36e-06,5.275e-06,2.25e-06
5.446e-06,2.47e-06,7.86e-06,5.515e-06,2.47e-06
5.263e-06,2.51e-06,7.491e-06,5.081e-06,2.51e-06
5.297e-06,1.9e-06,7.3e-06,5.405e-06,1.9e-06
5.459e-06,2.87e-06,7.54e-06,5.45e-06,2.881e-06
5.235e-06,2.57e-06,7.4e-06,5.29e-06,2.57e-06
5.191e-06,2.37e-06,7.31e-06,5.2e-06,2.37e-06
5.248e-06,2.56e-06,7.38e-06,5.355e-06,2.56e-06
5.255e-06,2.27e-06,7.26e-06,5.371e-06,2.27e-06
5.507e-06,2.67e-06,7.66e-06,5.515e-06,2.86e-06
5.532e-06,2.601e-06,7.59e-06,5.68e-06,2.86e-06
5.246e-06,2.27e-06,7.29e-06,5.046e-06,2.27e-06
5.19e-06,2.74e-06,7.21e-06,5.165e-06,2.74e-06
5.857e-06,2.19e-06,8.27e-06,6.04e-06,3.33e-06
5.119e-06,2.56e-06,7.24e-06,5.015e-06,2.56e-06
5.298e-06,2.71e-06,7.29e-06,5.215e-06,2.71e-06
5.366e-06,2.72e-06,7.44e-06,5.465e-06,2.75e-06
5.769e-06,2.53e-06,7.931e-06,5.945e-06,3.1e-06
5.449e-06,2.3e-06,7.45e-06,5.71e-06,2.3e-06
5.535e-06,2.61e-06,7.69e-06,5.775e-06,2.85e-06
5.677e-06,2.26e-06,7.87e-06,5.92e-06,3.27e-06
5.394e-06,2.14e-06,7.5e-06,5.595e-06,2.14e-06
5.39e-06,2.74e-06,7.37e-06,5.46e-06,2.8e-06
5.124e-06,2.35e-06,7.22e-06,5.115e-06,2.35e-06
5.573e-06,2.96e-06,7.731e-06,5.58e-06,2.96e-06
5.375e-06,2.51e-06,7.5e-06,5.335e-06,2.51e-06
5.359e-06,2.71e-06,7.42e-06,5.305e-06,2.82e-06
5.249e-06,2.71e-06,7.21e-06,5.21e-06,2.71e-06
5.384e-06,2.74e-06,7.61e-06,5.34e-06,2.74e-06
5.521e-06,2.37e-06,7.66e-06,5.48e-06,3.161e-06
5.249e-06,2.27e-06,7.56e-06,5.345e-06,2.27e-06
5.524e-06,2.74e-06,7.66e-06,5.775e-06,2.74e-06
5.124e-06,2.23e-06,7.36e-06,5.125e-06,2.23e-06
5.595e-06,2.73e-06,7.93e-06,5.695e-06,2.91e-06
5.34e-06,2.64e-06,7.42e-06,5.425e-06,2.64e-06
5.196e-06,2.32e-06,7.21e-06,5.15e-06,2.32e-06
5.172e-06,2.29e-06,7.25e-06,5.24e-06,2.29e-06
5.424e-06,2.62e-06,7.34e-06,5.5e-06,2.62e-06
5.384e-06,2.74e-06,7.46e-06,5.365e-06,2.86e-06
5.136e-06,2.38e-06,7.14e-06,5.17e-06,2.38e-06
5.317e-06,2.58e-06,7.46e-06,5.421e-06,2.83e-06
5.27e-06,2.73e-06,7.45e-06,5.295e-06,2.75e-06
5.261e-06,1.93e-06,7.11e-06,5.27e-06,1.93e-06
5.176e-06,2.55e-06,7.23e-06,5.015e-06,2.55e-06
5.055e-06,2.46e-06,6.8e-06,5.04e-06,2.46e-06
5.537e-06,2.51e-06,7.81e-06,5.625e-06,2.89e-06
5.388e-06,2.78e-06,7.39e-06,5.5e-06,2.78e-06
5.203e-06,2.38e-06,7.2e-06,5.236e-06,2.38e-06
5.234e-06,2.38e-06,7.31e-06,5.2e-06,2.38e-06
5.422e-06,2.69e-06,7.56e-06,5.51e-06,2.79e-06
5.345e-06,2.351e-06,7.46e-06,5.21e-06,2.351e-06
5.386e-06,2.6e-06,7.61e-06,5.46e-06,2.86e-06
5.394e-06,2.66e-06,7.38e-06,5.191e-06,3.24e-06
5.507e-06,2.46e-06,7.65e-06,5.535e-06,3.01e-06
5.58e-06,1.821e-06,7.781e-06,5.711e-06,1.821e-06
5.177e-06,2.42e-06,7.27e-06,5.055e-06,2.42e-06
5.401e-06,2.44e-06,7.55e-06,5.48e-06,2.44e-06
5.271e-06,2.75e-06,7.27e-06,5.285e-06,2.75e-06
5.245e-06,2.6e-06,7.29e-06,5.275e-06,2.6e-06
5.11e-06,2.49e-06,7.13e-06,4.985e-06,2.49e-06
5.572e-06,2.67e-06,7.7e-06,5.6e-06,2.94e-06
5.315e-06,2.74e-06,7.411e-06,5.3e-06,2.74e-06
5.193e-06,2.68e-06,7.12e-06,5.135e-06,2.68e-06
5.178e-06,2.03e-06,7.36e-06,5.035e-06,2.03e-06
5.192e-06,2.58e-06,7.22e-06,5.025e-06,2.58e-06
5.235e-06,2.59e-06,7.3e-06,5.121e-06,2.59e-06
4.998e-06,2.36e-06,7.02e-06,4.77e-06,2.36e-06
5.168e-06,2.5e-06,7.301e-06,4.995e-06,2.5e-06
5.317e-06,2.51e-06,7.65e-06,5.3e-06,2.51e-06
5.219e-06,2.55e-06,7.171e-06,5.17e-06,2.55e-06
5.656e-06,1.84e-06,7.69e-06,5.925e-06,1.84e-06
5.533e-06,2.66e-06,7.8e-06,5.555e-06,2.861e-06
5.532e-06,2.5e-06,7.8e-06,5.566e-06,2.96e-06
5.485e-06,2.64e-06,7.74e-06,5.61e-06,2.64e-06
5.082e-06,2.32e-06,7.19e-06,4.96e-06,2.32e-06
5.18e-06,2.571e-06,7.28e-06,5.15e-06,2.571e-06
5.205e-06,2.44e-06,7.321e-06,5.135e-06,2.44e-06
5.43e-06,2.55e-06,7.36e-06,5.535e-06,2.95e-06
5.325e-06,2.01e-06,7.37e-06,5.34e-06,2.01e-06
5.209e-06,2.36e-06,7.17e-06,5.25e-06,2.36e-06
5.547e-06,2.37e-06,7.65e-06,5.55e-06,3.11e-06
5.415e-06,2.74e-06,7.57e-06,5.34e-06,2.82e-06
1.9762e-05,2.07e-06,0.000151272,5.5e-06,2.07e-06
6.573e-06,1.74e-06,1.0441e-05,6.611e-06,1.74e-06
5.374e-06,2.73e-06,7.41e-06,5.385e-06,2.73e-06
5.402e-06,2.51e-06,7.56e-06,5.435e-06,2.51e-06
5.174e-06,2.45e-06,7.23e-06,5.175e-06,2.45e-06
5.254e-06,2.34e-06,7.321e-06,5.205e-06,2.34e-06
5.066e-06,2.48e-06,6.97e-06,4.855e-06,2.48e-06
5.438e-06,2.611e-06,7.741e-06,5.591e-06,2.611e-06
5.15e-06,2.41e-06,7.47e-06,4.905e-06,2.41e-06
5.111e-06,2.64e-06,7.27e-06,5.066e-06,2.64e-06
5.249e-06,2.52e-06,7.49e-06,5.15e-06,2.52e-06
5.322e-06,2.66e-06,7.44e-06,5.17e-06,2.8e-06
5.122e-06,2.55e-06,7.09e-06,5.11e-06,2.55e-06
5.259e-06,2.59e-06,7.44e-06,5.215e-06,2.59e-06
5.463e-06,2.54e-06,7.65e-06,5.586e-06,2.54e-06
5.349e-06,2.35e-06,7.3e-06,5.475e-06,2.35e-06
5.149e-06,2.56e-06,7.18e-06,5.045e-06,2.56e-06
5.102e-06,2.66e-06,7.21e-06,5.135e-06,2.66e-06
5.506e-06,2.54e-06,7.6e-06,5.605e-06,3.07e-06
5.653e-06,2.65e-06,7.92e-06,5.695e-06,2.65e-06
5.18e-06,2.19e-06,7.071e-06,5.065e-06,2.19e-06
5.079e-06,2.47e-06,6.96e-06,4.745e-06,2.47e-06
5.078e-06,2.34e-06,7.31e-06,4.855e-06,2.34e-06
5.373e-06,2.61e-06,7.54e-06,5.445e-06,2.61e-06
5.133e-06,2.47e-06,6.93e-06,5.14e-06,2.47e-06
5.187e-06,2.54e-06,7.081e-06,5.225e-06,2.54e-06
5.205e-06,2.61e-06,7.37e-06,5.135e-06,2.61e-06
5.185e-06,2.5e-06,7.52e-06,5.185e-06,2.5e-06
5.438e-06,2.7e-06,7.41e-06,5.585e-06,2.861e-06
5.257e-06,2.41e-06,7.32e-06,5.305e-06,2.41e-06
5.69e-06,2.66e-06,8.07e-06,5.945e-06,2.83e-06
5.223e-06,2.54e-06,7.11e-06,5.305e-06,2.54e-06
5.353e-06,2e-06,7.59e-06,5.501e-06,2e-06
5.423e-06,2.6e-06,7.55e-06,5.54e-06,2.6e-06
5.354e-06,2.72e-06,7.73e-06,5.435e-06,2.72e-06
5.216e-06,2.57e-06,7.271e-06,5.195e-06,2.57e-06
5.151e-06,2.41e-06,7.2e-06,5.09e-06,2.41e-06
5.238e-06,2.58e-06,7.28e-06,5.225e-06,2.58e-06
5.128e-06,2.18e-06,7.01e-06,5.02e-06,2.18e-06
5.437e-06,2.62e-06,7.51e-06,5.575e-06,2.62e-06
5.501e-06,2.89e-06,7.49e-06,5.56e-06,2.97e-06
5.169e-06,2.51e-06,7.15e-06,5.156e-06,2.51e-06
5.516e-06,2.411e-06,7.76e-06,5.61e-06,3.17e-06
5.448e-06,2.38e-06,7.66e-06,5.55e-06,2.38e-06
5.14e-06,2.47e-06,7.17e-06,5.1e-06,2.47e-06
5.172e-06,2.34e-06,7.63e-06,5.035e-06,2.34e-06
5.06e-06,2.38e-06,7.17e-06,4.825e-06,2.38e-06
5.473e-06,2.64e-06,7.53e-06,5.45e-06,2.98e-06
5.115e-06,2.53e-06,7.06e-06,5.085e-06,2.53e-06
5.118e-06,2.361e-06,7.01e-06,5.19e-06,2.361e-06
5.262e-06,2.49e-06,7.34e-06,5.026e-06,2.49e-06
5.323e-06,2.63e-06,7.14e-06,5.335e-06,2.75e-06
5.354e-06,1.83e-06,7.23e-06,5.445e-06,1.83e-06
5.442e-06,2.59e-06,7.61e-06,5.465e-06,2.59e-06
5.245e-06,2.38e-06,7.52e-06,5.245e-06,2.38e-06
5.399e-06,2.14e-06,7.59e-06,5.566e-06,2.14e-06
5.198e-06,2.59e-06,7.2e-06,5.155e-06,2.59e-06
5.326e-06,2.07e-06,7.31e-06,5.57e-06,2.07e-06
5.675e-06,2.53e-06,7.94e-06,5.975e-06,3.08e-06
5.504e-06,2.37e-06,7.79e-06,5.655e-06,3.12e-06
5.292e-06,2.21e-06,7.24e-06,5.315e-06,2.21e-06
5.261e-06,2.5e-06,7.41e-06,5.19e-06,2.5e-06
5.153e-06,2.23e-06,7.12e-06,5.05e-06,2.23e-06
5.317e-06,2.27e-06,7.48e-06,5.405e-06,2.27e-06
5.403e-06,2.59e-06,7.55e-06,5.391e-06,3.06e-06
5.102e-06,2.45e-06,7.16e-06,5.045e-06,2.45e-06
5.143e-06,2.49e-06,7.03e-06,5.095e-06,2.49e-06
5.348e-06,1.99e-06,7.3e-06,5.32e-06,1.99e-06
5.119e-06,2.47e-06,7.06e-06,4.89e-06,2.47e-06
5.431e-06,1.97e-06,7.67e-06,5.595e-06,1.97e-06
5.336e-06,2.871e-06,7.66e-06,5.245e-06,2.871e-06
5.247e-06,2.64e-06,7.41e-06,5.25e-06,2.64e-06
5.158e-06,2.61e-06,7.27e-06,5.01e-06,2.61e-06
5.285e-06,2.46e-06,7.451e-06,5.22e-06,2.46e-06
5.142e-06,2.6e-06,7.06e-06,5.255e-06,2.6e-06
5.342e-06,2.14e-06,7.41e-06,5.415e-06,2.14e-06
1.2442e-05,2.47e-06,2.1351e-05,1.2595e-05,2.47e-06
5.248e-06,2.59e-06,7.29e-06,5.215e-06,2.59e-06
5.206e-06,2.58e-06,7.1e-06,5.27e-06,2.58e-06
6.094e-06,1.99e-06,8.421e-06,6.515e-06,3.5e-06
5.471e-06,2.56e-06,7.47e-06,5.45e-06,2.97e-06
5.154e-06,2.47e-06,7.12e-06,5.161e-06,2.47e-06
5.269e-06,2.55e-06,7.29e-06,5.29e-06,2.55e-06
5.235e-06,2.55e-06,7.321e-06,5.145e-06,2.55e-06
5.18e-06,2.43e-06,7.22e-06,5.195e-06,2.43e-06
5.478e-06,1.77e-06,7.56e-06,5.58e-06,1.77e-06
5.239e-06,2.77e-06,7.281e-06,5.07e-06,2.77e-06
5.473e-06,2.36e-06,7.67e-06,5.76e-06,3.03e-06
5.135e-06,2.41e-06,7.21e-06,5.095e-06,2.41e-06
5.352e-06,2.24e-06,7.25e-06,5.45e-06,2.24e-06
5.375e-06,2.38e-06,7.44e-06,5.12e-06,3.14e-06
5.329e-06,2.7e-06,7.41e-06,5.355e-06,2.74e-06
5.167e-06,2.3e-06,7.11e-06,5.175e-06,2.3e-06
5.257e-06,2.82e-06,7.22e-06,5.13e-06,2.82e-06
5.366e-06,2.641e-06,7.07e-06,5.815e-06,2.641e-06
4.934e-06,2.62e-06,7.6e-06,4.99e-06,2.62e-06
5.135e-06,2.59e-06,7.16e-06,5.02e-06,2.59e-06
5.181e-06,2.46e-06,7.08e-06,5.21e-06,2.46e-06
5.195e-06,2.28e-06,7.17e-06,5.055e-06,2.28e-06
5.244e-06,2.32e-06,7.07e-06,5.15e-06,2.32e-06
5.314e-06,2.75e-06,7.42e-06,5.195e-06,2.85e-06
5.272e-06,2.55e-06,7.491e-06,5.24e-06,2.55e-06
5.377e-06,2.53e-06,7.58e-06,5.536e-06,2.53e-06
5.448e-06,2.7e-06,7.63e-06,5.455e-06,2.79e-06
5.441e-06,2.37e-06,7.63e-06,5.54e-06,2.37e-06
5.072e-06,2.74e-06,7.06e-06,4.82e-06,2.74e-06
5.514e-06,2.53e-06,7.71e-06,5.69e-06,3.05e-06
5.45e-06,2.74e-06,7.53e-06,5.425e-06,2.74e-06
5.077e-06,2.59e-06,6.95e-06,4.765e-06,2.59e-06
5.584e-06,2.37e-06,7.8e-06,5.675e-06,3.15e-06
5.642e-06,2.62e-06,7.86e-06,5.835e-06,2.82e-06
5.173e-06,2.16e-06,7.51e-06,5.38e-06,2.16e-06
5.362e-06,2.69e-06,7.25e-06,5.42e-06,2.82e-06
5.144e-06,2.42e-06,7.27e-06,5.06e-06,2.42e-06
5.429e-06,2.68e-06,7.59e-06,5.57e-06,2.86e-06
5.204e-06,2.34e-06,7.2e-06,5.2e-06,2.34e-06
5.398e-06,2.51e-06,7.521e-06,5.26e-06,3.07e-06
5.23e-06,2.28e-06,7.16e-06,5.465e-06,2.28e-06
5.292e-06,2.36e-06,7.21e-06,5.26e-06,2.36e-06
5.435e-06,2.691e-06,7.58e-06,5.48e-06,2.691e-06
5.089e-06,2.36e-06,7.07e-06,5.05e-06,2.36e-06
5.513e-06,2.64e-06,7.71e-06,5.585e-06,2.81e-06
5.392e-06,2.75e-06,7.68e-06,5.265e-06,2.75e-06
5.35e-06,2.2e-06,7.431e-06,5.46e-06,2.2e-06
5.123e-06,2.49e-06,7.04e-06,5.055e-06,2.49e-06
5.179e-06,2.29e-06,7.31e-06,5.185e-06,2.29e-06
5.499e-06,2.59e-06,7.5e-06,5.63e-06,2.59e-06
5.4e-06,2.72e-06,7.51e-06,5.476e-06,2.72e-06
5.187e-06,2.49e-06,7.21e-06,5.175e-06,2.49e-06
5.354e-06,2.17e-06,7.45e-06,5.485e-06,2.17e-06
5.245e-06,2.44e-06,7.26e-06,5.11e-06,2.44e-06
5.369e-06,2.73e-06,7.36e-06,5.385e-06,2.73e-06
5.086e-06,2.47e-06,7.06e-06,5.11e-06,2.47e-06
5.236e-06,2.31e-06,7.36e-06,5.235e-06,2.31e-06
5.246e-06,2.7e-06,7.271e-06,5.07e-06,2.75e-06
5.389e-06,2.56e-06,7.72e-06,5.4e-06,2.89e-06
5.353e-06,2.02e-06,7.42e-06,5.451e-06,2.02e-06
5.356e-06,2.61e-06,7.4e-06,5.22e-06,2.89e-06
5.344e-06,2.55e-06,7.571e-06,5.505e-06,2.55e-06
5.514e-06,2.51e-06,7.84e-06,5.42e-06,3.22e-06
4.946e-06,2.391e-06,7.04e-06,4.645e-06,2.391e-06
5.353e-06,2.7e-06,7.3e-06,5.411e-06,2.7e-06
5.172e-06,2.55e-06,7.1e-06,5.17e-06,2.55e-06
5.339e-06,2.68e-06,7.39e-06,5.4e-06,2.68e-06
5.171e-06,2.51e-06,7.28e-06,5.025e-06,2.51e-06
5.366e-06,2.74e-06,7.271e-06,5.44e-06,2.74e-06
5.197e-06,2.42e-06,7.13e-06,5.32e-06,2.42e-06
5.315e-06,2.47e-06,7.5e-06,5.36e-06,2.47e-06
5.242e-06,2.22e-06,7.26e-06,5.325e-06,2.22e-06
5.414e-06,2.73e-06,7.5e-06,5.44e-06,2.73e-06
5.276e-06,2.31e-06,7.31e-06,5.445e-06,2.31e-06
5.497e-06,2.2e-06,7.55e-06,5.69e-06,2.2e-06
5.248e-06,2.41e-06,7.2e-06,5.066e-06,2.41e-06
5.181e-06,1.93e-06,7.06e-06,5.16e-06,1.93e-06
5.348e-06,2.05e-06,7.46e-06,5.26e-06,2.05e-06
5.159e-06,2.77e-06,7.1e-06,5e-06,2.77e-06
5.316e-06,2.64e-06,7.48e-06,5.35e-06,2.64e-06
5.204e-06,2.37e-06,7.04e-06,5.255e-06,2.37e-06
5.395e-06,2.63e-06,7.66e-06,5.36e-06,2.84e-06
5.222e-06,2.59e-06,7.41e-06,5.211e-06,2.59e-06
5.296e-06,1.99e-06,7.31e-06,5.25e-06,1.99e-06
5.412e-06,2.72e-06,7.44e-06,5.595e-06,2.821e-06
5.239e-06,2.63e-06,7.34e-06,5.17e-06,2.63e-06
5.188e-06,2.63e-06,7.2e-06,5.16e-06,2.63e-06
5.464e-06,2.64e-06,7.65e-06,5.465e-06,2.91e-06
5.158e-06,2.33e-06,7.18e-06,5.175e-06,2.33e-06
5.409e-06,2.16e-06,7.49e-06,5.51e-06,2.16e-06
5.544e-06,2.44e-06,7.59e-06,5.48e-06,3.17e-06
5.187e-06,2.63e-06,7.141e-06,5.106e-06,2.63e-06
5.163e-06,2.16e-06,7.38e-06,5.16e-06,2.16e-06
5.394e-06,2.12e-06,7.79e-06,5.49e-06,2.12e-06
5.438e-06,2.69e-06,7.61e-06,5.5e-06,2.87e-06
5.265e-06,2.61e-06,7.14e-06,5.375e-06,2.61e-06
5.527e-06,2.44e-06,7.69e-06,5.52e-06,3.03e-06
4.917e-06,2.61e-06,7.2e-06,4.855e-06,2.61e-06
5.464e-06,2.55e-06,7.56e-06,5.54e-06,2.9e-06
5.453e-06,2.34e-06,7.7e-06,5.47e-06,2.34e-06
5.491e-06,1.84e-06,7.69e-06,5.691e-06,1.84e-06
5.207e-06,2.5e-06,7.18e-06,5.16e-06,2.5e-06
5.597e-06,2.5e-06,7.76e-06,5.795e-06,3e-06
5.343e-06,1.98e-06,7.72e-06,5.33e-06,1.98e-06
5.119e-06,2.34e-06,7.42e-06,5.06e-06,2.34e-06
5.372e-06,2.711e-06,7.6e-06,5.375e-06,2.711e-06
5.249e-06,2.62e-06,7.081e-06,5.34e-06,2.62e-06
5.324e-06,2.74e-06,7.38e-06,5.336e-06,2.74e-06
5.078e-06,2.39e-06,6.92e-06,4.805e-06,2.39e-06
5.436e-06,2.67e-06,7.68e-06,5.56e-06,2.94e-06
5.603e-06,2.43e-06,7.59e-06,5.855e-06,3.1e-06
5.222e-06,2.65e-06,7.15e-06,5.17e-06,2.65e-06
5.106e-06,2.36e-06,7.29e-06,5.09e-06,2.36e-06
5.587e-06,2.31e-06,7.88e-06,5.75e-06,3.2e-06
5.384e-06,2.67e-06,7.42e-06,5.316e-06,2.67e-06
5.019e-06,2.51e-06,6.87e-06,4.935e-06,2.51e-06
5.254e-06,2.47e-06,7.33e-06,5.32e-06,2.47e-06
5.411e-06,2.75e-06,7.64e-06,5.465e-06,2.81e-06
5.348e-06,2.27e-06,7.48e-06,5.555e-06,2.27e-06
5.28e-06,2e-06,7.18e-06,5.405e-06,2e-06
5.543e-06,2.67e-06,7.61e-06,5.71e-06,2.85e-06
5.052e-06,2.6e-06,6.981e-06,4.711e-06,2.6e-06
5.575e-06,2.5e-06,8.03e-06,5.7e-06,2.5e-06
5.395e-06,2.8e-06,7.53e-06,5.436e-06,2.8e-06
5.284e-06,2.67e-06,7.17e-06,5.23e-06,2.67e-06
5.005e-06,2.43e-06,6.86e-06,4.86e-06,2.43e-06
5.263e-06,2.92e-06,7.12e-06,5.145e-06,2.951e-06
5.1e-06,2.46e-06,6.89e-06,4.895e-06,2.46e-06
5.114e-06,2.31e-06,6.92e-06,5.066e-06,2.31e-06
5.295e-06,2.54e-06,7.48e-06,5.255e-06,2.54e-06
5.308e-06,2.72e-06,7.3e-06,5.35e-06,2.72e-06
5.31e-06,2.71e-06,7.37e-06,5.29e-06,2.71e-06
5.229e-06,2.3e-06,7.35e-06,5.22e-06,2.3e-06
5.185e-06,2.15e-06,7.36e-06,5.245e-06,2.15e-06
5.419e-06,2.65e-06,7.421e-06,5.44e-06,2.65e-06
5.124e-06,2.42e-06,7.14e-06,5.055e-06,2.42e-06
5.272e-06,2.57e-06,7.301e-06,5.3e-06,2.57e-06
4.933e-06,2.43e-06,7.14e-06,4.715e-06,2.43e-06
5.271e-06,2.61e-06,7.26e-06,5.295e-06,2.61e-06
5.286e-06,2.61e-06,7.52e-06,5.291e-06,2.61e-06
5.156e-06,2.5e-06,7.13e-06,5.125e-06,2.5e-06
5.368e-06,2.66e-06,7.46e-06,5.405e-06,2.66e-06
5.168e-06,2.65e-06,7.28e-06,5.03e-06,2.65e-06
5.167e-06,2.42e-06,7.05e-06,5.215e-06,2.42e-06
5.496e-06,2.68e-06,7.67e-06,5.605e-06,2.76e-06
5.14e-06,2.39e-06,7.09e-06,5.15e-06,2.39e-06
5.173e-06,2.59e-06,7.03e-06,5.176e-06,2.59e-06
5.077e-06,2.511e-06,6.89e-06,5.15e-06,2.511e-06
5.297e-06,2.37e-06,7.28e-06,5.405e-06,2.37e-06
5.278e-06,2.35e-06,7.51e-06,5.075e-06,2.35e-06
5.209e-06,2.65e-06,7.3e-06,5.225e-06,2.65e-06
5.088e-06,2.57e-06,7.02e-06,5.04e-06,2.57e-06
5.263e-06,2.3e-06,7.23e-06,5.38e-06,2.3e-06
5.179e-06,2.53e-06,7.11e-06,4.98e-06,2.53e-06
5.362e-06,2.69e-06,7.4e-06,5.38e-06,2.69e-06
5.199e-06,2.59e-06,7.26e-06,5.23e-06,2.59e-06
5.169e-06,2.09e-06,7.32e-06,5.11e-06,2.09e-06
5.3e-06,2.2e-06,7.42e-06,5.455e-06,2.2e-06
5.279e-06,2.59e-06,7.3e-06,5.295e-06,2.59e-06
5.268e-06,2.31e-06,7.28e-06,5.17e-06,2.31e-06
5.262e-06,2.66e-06,7.49e-06,5.256e-06,2.66e-06
5.179e-06,2.31e-06,7.22e-06,5.155e-06,2.31e-06
5.19e-06,2.26e-06,7.46e-06,5.105e-06,2.26e-06
5.194e-06,2.52e-06,7.26e-06,5.085e-06,2.52e-06
5.182e-06,2.531e-06,7.13e-06,5.26e-06,2.531e-06
5.416e-06,2.4e-06,7.64e-06,5.51e-06,3.1e-06
5.137e-06,2.44e-06,7.231e-06,5.115e-06,2.44e-06
5.153e-06,2.4e-06,7.2e-06,5.145e-06,2.4e-06
5.171e-06,2.44e-06,7.22e-06,5.26e-06,2.44e-06
5.475e-06,1.93e-06,7.71e-06,5.45e-06,1.93e-06
5.315e-06,2.24e-06,7.49e-06,5.25e-06,2.24e-06
5.118e-06,2.41e-06,7.041e-06,4.86e-06,2.41e-06
5.036e-06,2.53e-06,7.1e-06,4.945e-06,2.53e-06
5.348e-06,2.33e-06,7.64e-06,5.165e-06,2.33e-06
5.446e-06,2.36e-06,7.66e-06,5.465e-06,2.36e-06
4.992e-06,2.62e-06,6.74e-06,4.945e-06,2.62e-06
5.357e-06,2.54e-06,7.3e-06,5.33e-06,2.54e-06
5.763e-06,1.91e-06,8.79e-06,5.73e-06,1.91e-06
5.607e-06,2.33e-06,7.611e-06,5.721e-06,3.18e-06
5.201e-06,2.61e-06,7.15e-06,5.3e-06,2.61e-06
5.204e-06,2.25e-06,7.24e-06,5.185e-06,2.25e-06
5.304e-06,2.7e-06,7.34e-06,5.255e-06,2.7e-06
5.211e-06,2.61e-06,7.4e-06,5.005e-06,2.61e-06
5.238e-06,2.48e-06,7.21e-06,5.22e-06,2.48e-06
5.301e-06,2.04e-06,7.42e-06,5.39e-06,2.04e-06
5.287e-06,2.701e-06,7.34e-06,5.31e-06,2.701e-06
5.407e-06,2.64e-06,7.53e-06,5.48e-06,2.64e-06
5.261e-06,2.71e-06,7.27e-06,5.45e-06,2.71e-06
5.493e-06,2.54e-06,7.631e-06,5.675e-06,2.54e-06
5.28e-06,2.67e-06,7.52e-06,5.381e-06,2.67e-06
5.52e-06,2.67e-06,7.73e-06,5.525e-06,2.88e-06
5.284e-06,3.05e-06,7.14e-06,5.02e-06,3.05e-06
5.097e-06,2.5e-06,7.11e-06,5.141e-06,2.5e-06
5.228e-06,2.48e-06,7.221e-06,5.245e-06,2.48e-06
5.302e-06,2.71e-06,7.55e-06,5.22e-06,2.76e-06
5.206e-06,2.75e-06,7.28e-06,5.24e-06,2.75e-06
5.299e-06,2.28e-06,7.5e-06,5.221e-06,2.28e-06
5.286e-06,2.63e-06,7.33e-06,5.37e-06,2.63e-06
5.539e-06,2.6e-06,7.65e-06,5.63e-06,2.89e-06
5.137e-06,2.55e-06,7.03e-06,5.03e-06,2.55e-06
5.222e-06,2.38e-06,7.29e-06,5.245e-06,2.38e-06
5.588e-06,2.47e-06,7.86e-06,5.741e-06,2.97e-06
5.327e-06,2.58e-06,7.59e-06,5.15e-06,2.58e-06
5.322e-06,2.07e-06,7.301e-06,5.526e-06,2.07e-06
5.188e-06,2.43e-06,7.2e-06,5.04e-06,2.43e-06
5.259e-06,2.69e-06,7.23e-06,5.26e-06,2.69e-06
5.457e-06,2.02e-06,7.53e-06,5.495e-06,2.02e-06
5.033e-06,2.52e-06,6.96e-06,4.815e-06,2.52e-06
5.357e-06,2.72e-06,7.58e-06,5.38e-06,2.72e-06
5.321e-06,2.19e-06,7.27e-06,5.415e-06,2.19e-06
5.566e-06,2.48e-06,7.66e-06,5.42e-06,3.051e-06
5.506e-06,2.62e-06,7.71e-06,5.575e-06,2.62e-06
5.2e-06,2.23e-06,7.24e-06,5.28e-06,2.23e-06
5.524e-06,2.52e-06,7.7e-06,5.615e-06,3.02e-06
5.435e-06,2.71e-06,7.5e-06,5.675e-06,2.77e-06
5.345e-06,2.76e-06,7.361e-06,5.235e-06,2.84e-06
5.079e-06,2.42e-06,7.22e-06,4.88e-06,2.42e-06
5.127e-06,2.65e-06,7.23e-06,4.965e-06,2.65e-06
5.477e-06,2.56e-06,7.781e-06,5.435e-06,2.91e-06
5.499e-06,2.87e-06,7.64e-06,5.465e-06,2.94e-06
5.275e-06,2.52e-06,7.46e-06,5.28e-06,2.52e-06
5.273e-06,2.68e-06,7.22e-06,5.276e-06,2.68e-06
5.538e-06,2.71e-06,7.56e-06,5.655e-06,2.95e-06
5.389e-06,2.07e-06,7.55e-06,5.445e-06,2.07e-06
5.163e-06,2.66e-06,7.17e-06,5.071e-06,2.66e-06
5.247e-06,2.36e-06,7.3e-06,5.295e-06,2.36e-06
5.704e-06,2.63e-06,8.131e-06,5.725e-06,2.88e-06
5.503e-06,2.69e-06,7.7e-06,5.68e-06,2.69e-06
5.279e-06,2.76e-06,7.41e-06,5.285e-06,2.76e-06
5.486e-06,2.32e-06,7.46e-06,5.795e-06,2.32e-06
5.252e-06,2.32e-06,7.5e-06,5.035e-06,2.32e-06
5.072e-06,2.631e-06,6.8e-06,4.995e-06,2.631e-06
5.215e-06,2.57e-06,7.48e-06,5.065e-06,2.57e-06
5.366e-06,2.55e-06,7.521e-06,5.476e-06,2.87e-06
5.248e-06,2.57e-06,7.47e-06,5.02e-06,2.57e-06
5.216e-06,2.28e-06,7.18e-06,5.161e-06,2.28e-06
5.315e-06,2.65e-06,7.41e-06,5.32e-06,2.65e-06
5.335e-06,2.21e-06,7.161e-06,5.355e-06,2.21e-06
5.122e-06,2.36e-06,7.25e-06,4.94e-06,2.36e-06
5.062e-06,2.39e-06,7.14e-06,4.905e-06,2.39e-06
5.682e-06,2.28e-06,7.721e-06,6.05e-06,3.18e-06
5.211e-06,2.19e-06,7.58e-06,5.07e-06,2.19e-06
5.551e-06,2.49e-06,7.9e-06,5.716e-06,2.49e-06
5.245e-06,2.64e-06,7.44e-06,5.225e-06,2.64e-06
5.162e-06,2.47e-06,7.33e-06,5.205e-06,2.47e-06
5.355e-06,2.09e-06,7.5e-06,5.36e-06,2.09e-06
5.288e-06,2.67e-06,7.29e-06,5.205e-06,2.67e-06
5.125e-06,2.51e-06,7.06e-06,5.1e-06,2.51e-06
5.329e-06,2.43e-06,7.52e-06,5.33e-06,2.43e-06
5.256e-06,2.02e-06,7.2e-06,5.355e-06,2.02e-06
5.318e-06,2.62e-06,7.51e-06,5.28e-06,2.62e-06
5.187e-06,2.48e-06,7.32e-06,5.06e-06,2.48e-06
5.239e-06,2.531e-06,7.37e-06,5.26e-06,2.531e-06
6.285e-06,2.95e-06,1.15e-05,6.185e-06,2.95e-06
5.747e-06,2.5e-06,7.57e-06,6.045e-06,3.87e-06
5.305e-06,1.93e-06,7.23e-06,4.99e-06,1.93e-06
5.251e-06,2.22e-06,7.41e-06,5.236e-06,2.22e-06
5.22e-06,2.41e-06,7.32e-06,5.21e-06,2.41e-06
5.272e-06,2.55e-06,7.17e-06,5.565e-06,2.55e-06
5.467e-06,2.65e-06,7.59e-06,5.545e-06,2.65e-06
5.094e-06,2.53e-06,7.06e-06,4.97e-06,2.53e-06
5.392e-06,2.56e-06,7.6e-06,5.33e-06,2.56e-06
5.611e-06,2.66e-06,7.851e-06,5.825e-06,2.81e-06
5.387e-06,2.74e-06,7.59e-06,5.401e-06,2.74e-06
5.216e-06,2.511e-06,7.36e-06,5.165e-06,2.511e-06
5.248e-06,2.64e-06,7.48e-06,5.305e-06,2.64e-06
5.156e-06,2.51e-06,7.1e-06,5.01e-06,2.51e-06
5.359e-06,2.7e-06,7.47e-06,5.485e-06,2.7e-06
5.552e-06,2.38e-06,7.82e-06,5.65e-06,3.07e-06
5.543e-06,2.39e-06,7.531e-06,5.686e-06,3.22e-06
5.191e-06,2.54e-06,7.23e-06,5.061e-06,2.54e-06
5.208e-06,2.28e-06,7.31e-06,5.185e-06,2.28e-06
5.279e-06,2.18e-06,7.38e-06,5.35e-06,2.18e-06
5.444e-06,2.64e-06,7.55e-06,5.41e-06,2.64e-06
5.23e-06,2.21e-06,7.19e-06,5.28e-06,2.21e-06
5.088e-06,2.44e-06,7.08e-06,5.02e-06,2.44e-06
5.235e-06,2.54e-06,7.19e-06,5.215e-06,2.54e-06
5.227e-06,2.65e-06,7.561e-06,5.155e-06,2.65e-06
5.344e-06,2.1e-06,7.6e-06,5.34e-06,2.1e-06
4.98e-06,2.46e-06,7.07e-06,4.855e-06,2.46e-06
5.232e-06,2.48e-06,7.24e-06,5.325e-06,2.48e-06
5.485e-06,2.65e-06,7.85e-06,5.555e-06,2.65e-06
5.3e-06,2.6e-06,7.44e-06,5.315e-06,2.6e-06
5.3e-06,1.86e-06,7.39e-06,5.326e-06,1.86e-06
5.234e-06,2.55e-06,7.201e-06,5.205e-06,2.55e-06
5.242e-06,2.691e-06,7.34e-06,5.14e-06,2.691e-06
5.142e-06,2.67e-06,7.11e-06,4.965e-06,2.67e-06
5.176e-06,2.66e-06,7.16e-06,5.09e-06,2.66e-06
5.15e-06,2.33e-06,7.11e-06,5.185e-06,2.33e-06
5.245e-06,2.67e-06,7.48e-06,5.08e-06,2.67e-06
5.273e-06,2.56e-06,7.33e-06,5.15e-06,2.56e-06
5.363e-06,2.66e-06,7.52e-06,5.37e-06,2.8e-06
5.096e-06,2.47e-06,7.081e-06,5.055e-06,2.47e-06
5.169e-06,2.38e-06,7.35e-06,5.02e-06,2.38e-06
5.286e-06,2.54e-06,7.43e-06,5.24e-06,2.54e-06
5.17e-06,2.53e-06,7.24e-06,5.09e-06,2.53e-06
5.327e-06,2.64e-06,7.27e-06,5.31e-06,2.64e-06
5.104e-06,2.33e-06,7.16e-06,4.995e-06,2.33e-06
5.495e-06,2.45e-06,7.7e-06,5.59e-06,2.99e-06
5.417e-06,2.67e-06,7.5e-06,5.505e-06,2.85e-06
5.233e-06,2.43e-06,7.31e-06,5.17e-06,2.43e-06
5.179e-06,2.52e-06,7.23e-06,5.15e-06,2.52e-06
5.565e-06,2.4e-06,7.71e-06,5.655e-06,3.111e-06
5.424e-06,2.59e-06,7.71e-06,5.36e-06,2.59e-06
5.319e-06,2.75e-06,7.53e-06,5.41e-06,2.78e-06
5.166e-06,2.57e-06,7.15e-06,5.04e-06,2.57e-06
5.266e-06,2.08e-06,7.27e-06,5.301e-06,2.08e-06
1.0269e-05,2.02e-06,1.3521e-05,1.1615e-05,2.02e-06
5.415e-06,2.8e-06,7.21e-06,5.315e-06,2.8e-06
5.243e-06,2.76e-06,7.31e-06,5.11e-06,2.8e-06
5.248e-06,2.23e-06,7.45e-06,5.136e-06,2.23e-06
5.349e-06,2.62e-06,7.48e-06,5.42e-06,2.62e-06
5.208e-06,2.53e-06,7.38e-06,5.335e-06,2.53e-06
5.333e-06,2.57e-06,7.7e-06,5.275e-06,2.57e-06
5.329e-06,2.651e-06,7.221e-06,5.36e-06,2.651e-06
5.387e-06,2.32e-06,7.4e-06,5.51e-06,2.32e-06
5.139e-06,2.44e-06,7.16e-06,4.931e-06,2.44e-06
5.275e-06,2.41e-06,7.37e-06,5.205e-06,2.41e-06
5.241e-06,2.8e-06,7.33e-06,5.12e-06,2.8e-06
5.144e-06,2.65e-06,7.07e-06,4.915e-06,2.65e-06
5.278e-06,2.4e-06,7.43e-06,5.365e-06,2.4e-06
5.409e-06,2.69e-06,7.411e-06,5.465e-06,2.82e-06
5.383e-06,2.74e-06,7.6e-06,5.51e-06,2.82e-06
8.811e-06,2.83e-06,1.098e-05,9.28e-06,7.46e-06
4.935e-06,2.27e-06,6.74e-06,4.62e-06,2.27e-06
5.538e-06,2.68e-06,7.73e-06,5.63e-06,2.95e-06
5.296e-06,2.57e-06,7.28e-06,5.52e-06,2.57e-06
5.62e-06,2.46e-06,7.89e-06,5.73e-06,3.12e-06
5.446e-06,1.85e-06,7.69e-06,5.511e-06,1.85e-06
5.074e-06,2.49e-06,6.96e-06,4.95e-06,2.49e-06
5.278e-06,2.67e-06,7.4e-06,5.176e-06,2.67e-06
5.23e-06,2.56e-06,7.181e-06,5.29e-06,2.56e-06
5.217e-06,2.62e-06,7.1e-06,5.07e-06,2.62e-06
5.241e-06,2.15e-06,7.11e-06,5.345e-06,2.15e-06
5.563e-06,2.53e-06,7.66e-06,5.67e-06,3.03e-06
5.283e-06,2.6e-06,7.34e-06,5.45e-06,2.6e-06
5.815e-06,2.46e-06,8.161e-06,6.01e-06,3.22e-06
5.019e-06,2.49e-06,7.19e-06,5.011e-06,2.49e-06
5.354e-06,1.83e-06,7.131e-06,5.455e-06,1.83e-06
5.338e-06,2.64e-06,7.46e-06,5.275e-06,2.79e-06
5.228e-06,1.91e-06,7.32e-06,5.335e-06,1.91e-06
5.754e-06,2.33e-06,8.09e-06,5.845e-06,3.25e-06
5.27e-06,2.47e-06,7.23e-06,5.38e-06,2.47e-06
5.155e-06,2.361e-06,7.221e-06,5.17e-06,2.361e-06
5.209e-06,2.1e-06,7.33e-06,5.33e-06,2.1e-06
5.475e-06,2.55e-06,7.56e-06,5.455e-06,2.98e-06
5.546e-06,2.7e-06,7.65e-06,5.655e-06,2.7e-06
5.105e-06,2.43e-06,7.1e-06,5.14e-06,2.43e-06
5.173e-06,2.44e-06,7.21e-06,5.145e-06,2.44e-06
5.337e-06,2.74e-06,7.33e-06,5.375e-06,2.82e-06
5.594e-06,2.78e-06,7.81e-06,5.685e-06,2.9e-06
5.212e-06,2.47e-06,7.33e-06,5.211e-06,2.47e-06
5.154e-06,2.5e-06,7.12e-06,5.265e-06,2.5e-06
5.38e-06,2.48e-06,7.49e-06,5.475e-06,2.48e-06
5.645e-06,2.38e-06,7.69e-06,5.755e-06,3.19e-06
5.342e-06,2.15e-06,7.43e-06,5.46e-06,2.15e-06
5.234e-06,2.28e-06,7.19e-06,5.18e-06,2.28e-06
5.648e-06,2.52e-06,7.92e-06,5.785e-06,3.04e-06
5.259e-06,2.28e-06,7.471e-06,5.245e-06,2.28e-06
5.032e-06,2.31e-06,6.88e-06,4.755e-06,2.31e-06
5.324e-06,2.75e-06,7.38e-06,5.25e-06,2.75e-06
5.093e-06,2.52e-06,7.03e-06,4.935e-06,2.52e-06
5.659e-06,2.94e-06,7.86e-06,5.706e-06,2.94e-06
5.111e-06,2.58e-06,7.05e-06,5.005e-06,2.58e-06
5.165e-06,2.591e-06,7.021e-06,5.09e-06,2.591e-06
6.021e-06,2.13e-06,8.381e-06,6.385e-06,3.56e-06
5.646e-06,2.8e-06,7.97e-06,5.795e-06,2.83e-06
7.116e-06,1.92e-06,9.72e-06,7.755e-06,1.92e-06
5.365e-06,2.43e-06,7.69e-06,5.43e-06,2.43e-06
5.654e-06,2.62e-06,8.04e-06,5.835e-06,2.62e-06
5.573e-06,2.6e-06,8e-06,5.77e-06,2.6e-06
5.322e-06,2.71e-06,7.31e-06,5.445e-06,2.71e-06
5.612e-06,2.96e-06,7.771e-06,5.685e-06,3.01e-06
5.524e-06,2.04e-06,7.65e-06,5.565e-06,2.04e-06
5.31e-06,2.48e-06,7.34e-06,5.08e-06,2.48e-06
5.294e-06,2.26e-06,7.28e-06,5.305e-06,2.26e-06
5.717e-06,2.43e-06,8.41e-06,5.75e-06,3.25e-06
5.577e-06,2.76e-06,7.72e-06,5.7e-06,2.95e-06
5.524e-06,2.63e-06,7.78e-06,5.415e-06,2.99e-06
5.309e-06,2.54e-06,7.341e-06,5.255e-06,2.54e-06
5.627e-06,2.76e-06,7.85e-06,5.84e-06,2.97e-06
5.458e-06,2.91e-06,7.47e-06,5.486e-06,2.96e-06
5.6e-06,2.74e-06,7.98e-06,5.735e-06,2.81e-06
5.304e-06,2.6e-06,7.51e-06,4.925e-06,2.6e-06
5.411e-06,2.28e-06,7.79e-06,5.37e-06,2.28e-06
5.453e-06,2.7e-06,7.71e-06,5.476e-06,2.86e-06
5.457e-06,2.28e-06,7.861e-06,5.675e-06,2.28e-06
5.605e-06,2.73e-06,7.6e-06,5.8e-06,2.79e-06
5.424e-06,2.8e-06,7.53e-06,5.381e-06,2.8e-06
5.701e-06,2.6e-06,7.73e-06,5.845e-06,2.95e-06
5.4e-06,2.53e-06,7.48e-06,5.32e-06,2.53e-06
5.584e-06,2.661e-06,7.83e-06,5.85e-06,2.661e-06
5.512e-06,2.7e-06,8e-06,5.565e-06,2.72e-06
5.394e-06,2.63e-06,7.65e-06,5.32e-06,2.96e-06
5.396e-06,2.7e-06,7.3e-06,5.436e-06,2.7e-06
5.753e-06,2.46e-06,7.78e-06,6.106e-06,3.171e-06
5.454e-06,2.41e-06,7.47e-06,5.565e-06,2.41e-06
5.654e-06,2.46e-06,8.04e-06,5.485e-06,3.15e-06
5.852e-06,2.3e-06,8.25e-06,6.181e-06,3.26e-06
5.726e-06,2.58e-06,8.1e-06,5.965e-06,3.041e-06
5.679e-06,2.71e-06,8.06e-06,5.95e-06,2.9e-06
5.439e-06,2.59e-06,7.61e-06,5.46e-06,2.59e-06
5.307e-06,2.71e-06,7.55e-06,5.315e-06,2.71e-06
5.801e-06,2.49e-06,7.9e-06,6.155e-06,3.081e-06
5.369e-06,2.74e-06,7.47e-06,5.335e-06,2.77e-06
5.329e-06,2.56e-06,7.4e-06,5.09e-06,2.56e-06
5.465e-06,2.11e-06,7.74e-06,5.6e-06,2.11e-06
5.474e-06,2.661e-06,7.93e-06,5.441e-06,2.661e-06
5.857e-06,2.32e-06,8.11e-06,5.905e-06,3.39e-06
5.196e-06,2.52e-06,7.11e-06,5.095e-06,2.52e-06
5.587e-06,2.58e-06,7.84e-06,5.715e-06,2.58e-06
5.275e-06,2.381e-06,7.38e-06,5.09e-06,2.381e-06
5.386e-06,2.35e-06,7.69e-06,5.51e-06,2.35e-06
7.486e-06,2.16e-06,1.041e-05,8.175e-06,5.28e-06
5.435e-06,2.28e-06,7.79e-06,5.385e-06,2.28e-06
5.117e-06,2.511e-06,7.68e-06,4.936e-06,2.511e-06
5.46e-06,2.77e-06,7.68e-06,5.361e-06,2.77e-06
5.533e-06,2.78e-06,7.66e-06,5.64e-06,2.78e-06
5.352e-06,2.71e-06,7.63e-06,5.315e-06,2.71e-06
5.965e-06,2.77e-06,8.46e-06,6.265e-06,2.831e-06
5.458e-06,2.68e-06,7.76e-06,5.581e-06,2.68e-06
5.387e-06,2.63e-06,7.65e-06,5.295e-06,2.63e-06
5.418e-06,2.69e-06,7.581e-06,5.391e-06,2.69e-06
5.6e-06,2.67e-06,7.69e-06,5.71e-06,2.881e-06
5.256e-06,2.27e-06,7.47e-06,5.205e-06,2.27e-06
5.478e-06,2.55e-06,7.48e-06,5.525e-06,2.55e-06
5.628e-06,2.94e-06,7.7e-06,5.395e-06,2.94e-06
5.238e-06,2.66e-06,7.25e-06,5.13e-06,2.66e-06
5.345e-06,2.39e-06,7.46e-06,5.41e-06,2.39e-06
5.533e-06,2.59e-06,7.841e-06,5.501e-06,2.59e-06
5.581e-06,2.18e-06,8e-06,5.825e-06,2.18e-06
6.051e-06,2.361e-06,8.32e-06,6.295e-06,3.49e-06
5.486e-06,2.52e-06,7.99e-06,5.585e-06,2.52e-06
5.518e-06,2.52e-06,7.75e-06,5.72e-06,2.52e-06
5.347e-06,2.73e-06,7.5e-06,5.235e-06,2.73e-06
5.419e-06,2.75e-06,7.391e-06,5.455e-06,2.75e-06
5.487e-06,2.83e-06,7.791e-06,5.565e-06,2.83e-06
5.485e-06,2.06e-06,7.8e-06,5.53e-06,2.06e-06
5.973e-06,2.48e-06,8.31e-06,6.101e-06,3.24e-06
5.806e-06,2.43e-06,8.27e-06,5.945e-06,3.16e-06
5.715e-06,2.44e-06,7.85e-06,5.685e-06,3.43e-06
5.738e-06,2.69e-06,7.88e-06,5.82e-06,2.92e-06
5.477e-06,2.4e-06,7.79e-06,5.585e-06,2.4e-06
5.284e-06,2.2e-06,7.62e-06,5.23e-06,2.2e-06
5.602e-06,2.47e-06,8.18e-06,5.481e-06,2.47e-06
5.711e-06,2.75e-06,7.79e-06,5.65e-06,2.87e-06
5.592e-06,2.64e-06,7.69e-06,5.766e-06,2.84e-06
5.311e-06,2.45e-06,7.67e-06,5.36e-06,2.45e-06
5.503e-06,2.72e-06,7.6e-06,5.51e-06,3.11e-06
5.802e-06,2.77e-06,8.1e-06,6.11e-06,2.77e-06
5.717e-06,2.67e-06,8.15e-06,5.96e-06,2.67e-06
6.038e-06,2.12e-06,8.3e-06,6.495e-06,3.38e-06
5.961e-06,2.54e-06,8.56e-06,6.21e-06,3.17e-06
5.546e-06,2.45e-06,7.91e-06,5.71e-06,2.96e-06
4.973e-06,2.75e-06,7.57e-06,4.73e-06,2.75e-06
5.673e-06,2.74e-06,7.87e-06,5.835e-06,2.88e-06
5.411e-06,2.49e-06,7.72e-06,5.235e-06,2.49e-06
6.017e-06,2.141e-06,8.08e-06,6.34e-06,3.68e-06
5.691e-06,2.63e-06,7.88e-06,5.74e-06,2.95e-06
5.229e-06,2.72e-06,7.34e-06,5.11e-06,2.72e-06
5.423e-06,2.77e-06,7.61e-06,5.475e-06,2.77e-06
5.372e-06,2.47e-06,7.5e-06,5.32e-06,2.47e-06
5.49e-06,2.1e-06,7.83e-06,5.565e-06,2.1e-06
5.45e-06,2.57e-06,7.55e-06,5.436e-06,2.57e-06
5.383e-06,2.69e-06,7.77e-06,5.48e-06,2.69e-06
5.39e-06,2.67e-06,7.721e-06,5.375e-06,2.67e-06
5.529e-06,2.77e-06,8.06e-06,5.52e-06,2.87e-06
5.337e-06,2.22e-06,7.37e-06,5.485e-06,2.22e-06
5.66e-06,2.57e-06,8.06e-06,5.7e-06,3.07e-06
5.37e-06,2.61e-06,7.66e-06,5.405e-06,2.61e-06
5.849e-06,2.67e-06,7.93e-06,6.111e-06,2.91e-06
5.392e-06,2.13e-06,7.35e-06,5.585e-06,2.13e-06
5.434e-06,2.57e-06,7.691e-06,5.495e-06,2.57e-06
5.452e-06,2.791e-06,7.33e-06,5.535e-06,2.93e-06
5.664e-06,2.54e-06,7.9e-06,5.94e-06,2.92e-06
5.514e-06,2.61e-06,7.68e-06,5.75e-06,2.61e-06
5.386e-06,2.54e-06,7.77e-06,5.35e-06,2.54e-06
5.424e-06,2.67e-06,7.46e-06,5.66e-06,2.86e-06
5.669e-06,2.69e-06,8.02e-06,5.785e-06,2.88e-06
5.218e-06,2.28e-06,7.45e-06,5.335e-06,2.28e-06
5.705e-06,2.73e-06,9.37e-06,5.515e-06,2.91e-06
5.82e-06,2.08e-06,8.35e-06,6.1e-06,3.45e-06
5.827e-06,2.67e-06,8.27e-06,6.07e-06,2.96e-06
5.502e-06,2.68e-06,7.67e-06,5.515e-06,2.68e-06
5.354e-06,2.81e-06,7.28e-06,5.445e-06,2.81e-06
5.4e-06,2.48e-06,7.67e-06,5.485e-06,2.48e-06
5.509e-06,2.66e-06,7.89e-06,5.55e-06,2.66e-06
5.541e-06,2.52e-06,7.59e-06,5.975e-06,3.06e-06
5.364e-06,2.69e-06,7.73e-06,5.485e-06,2.69e-06
5.378e-06,2.84e-06,7.2e-06,5.425e-06,3.1e-06
5.734e-06,2.73e-06,8.21e-06,5.995e-06,2.73e-06
5.561e-06,2.66e-06,7.89e-06,5.795e-06,2.66e-06
5.422e-06,2.76e-06,7.71e-06,5.485e-06,2.76e-06
5.688e-06,2.46e-06,7.97e-06,5.765e-06,3.38e-06
5.423e-06,1.86e-06,7.57e-06,5.631e-06,1.86e-06
5.674e-06,2.78e-06,7.75e-06,5.831e-06,2.8e-06
5.446e-06,2.57e-06,7.48e-06,5.715e-06,2.57e-06
5.547e-06,2.99e-06,7.7e-06,5.555e-06,2.99e-06
5.464e-06,2.78e-06,7.58e-06,5.38e-06,2.78e-06
5.142e-06,2.27e-06,7.05e-06,4.99e-06,2.27e-06
5.409e-06,2.5e-06,7.67e-06,5.42e-06,2.5e-06
5.626e-06,2.6e-06,7.741e-06,5.67e-06,2.98e-06
5.61e-06,2.77e-06,7.91e-06,5.71e-06,2.77e-06
5.685e-06,2.04e-06,7.86e-06,5.875e-06,2.04e-06
5.475e-06,2.701e-06,7.7e-06,5.385e-06,2.701e-06
5.126e-06,2.7e-06,7.05e-06,4.855e-06,2.7e-06
5.367e-06,2.56e-06,7.68e-06,5.325e-06,2.56e-06
5.628e-06,1.87e-06,7.96e-06,5.535e-06,1.87e-06
5.347e-06,2.311e-06,7.681e-06,5.22e-06,2.311e-06
5.788e-06,2.53e-06,7.9e-06,5.93e-06,3.07e-06
5.317e-06,2.71e-06,7.44e-06,5.355e-06,2.71e-06
5.379e-06,2.72e-06,7.87e-06,5.36e-06,2.72e-06
5.463e-06,2.65e-06,7.74e-06,5.455e-06,3.161e-06
5.403e-06,2.41e-06,7.7e-06,5.515e-06,2.41e-06
5.453e-06,2.68e-06,7.79e-06,5.505e-06,2.68e-06
5.66e-06,2.78e-06,7.79e-06,5.91e-06,2.78e-06
5.746e-06,2.54e-06,8.22e-06,5.85e-06,3.09e-06
5.664e-06,2.7e-06,7.75e-06,5.95e-06,2.93e-06
5.735e-06,2.35e-06,8.09e-06,6.05e-06,3.15e-06
5.23e-06,2.4e-06,7.43e-06,5.365e-06,2.4e-06
6.466e-06,2.12e-06,9.19e-06,6.845e-06,4.391e-06
5.666e-06,2.57e-06,7.93e-06,5.675e-06,3e-06
5.584e-06,2.12e-06,7.831e-06,5.84e-06,2.12e-06
5.417e-06,2.77e-06,7.4e-06,5.41e-06,2.77e-06
5.393e-06,2.881e-06,7.56e-06,5.405e-06,2.881e-06
5.57e-06,2.45e-06,7.81e-06,5.66e-06,2.45e-06
5.213e-06,2.63e-06,7.2e-06,4.795e-06,2.63e-06
5.323e-06,2.37e-06,7.64e-06,5.3e-06,2.37e-06
5.356e-06,2.72e-06,7.65e-06,5.42e-06,2.72e-06
5.47e-06,2.85e-06,7.69e-06,5.47e-06,2.85e-06
5.475e-06,2.06e-06,7.54e-06,5.71e-06,2.06e-06
5.745e-06,2.62e-06,8.03e-06,6.075e-06,2.62e-06
5.303e-06,2.52e-06,7.38e-06,5.33e-06,2.52e-06
5.374e-06,2.74e-06,7.81e-06,5.37e-06,3.19e-06
5.767e-06,1.96e-06,8e-06,5.805e-06,1.96e-06
5.653e-06,2.55e-06,8.01e-06,5.651e-06,2.55e-06
5.583e-06,2.57e-06,7.91e-06,5.71e-06,2.57e-06
6.327e-06,2.48e-06,8.53e-06,6.53e-06,3.72e-06
5.591e-06,2.52e-06,7.86e-06,5.73e-06,2.52e-06
5.563e-06,2.79e-06,7.571e-06,5.77e-06,2.84e-06
5.399e-06,2.54e-06,7.69e-06,5.575e-06,2.54e-06
5.5e-06,2.91e-06,7.67e-06,5.5e-06,2.91e-06
5.406e-06,2.56e-06,7.43e-06,5.321e-06,2.56e-06
5.446e-06,2.53e-06,7.52e-06,5.435e-06,2.53e-06
5.271e-06,2.54e-06,7.441e-06,5.01e-06,2.54e-06
5.612e-06,2.5e-06,7.58e-06,6.005e-06,2.5e-06
5.921e-06,2.16e-06,8.62e-06,6.185e-06,3.65e-06
5.383e-06,2.53e-06,7.33e-06,5.595e-06,2.53e-06
5.662e-06,2.48e-06,7.88e-06,5.695e-06,3.15e-06
5.491e-06,2.71e-06,7.48e-06,5.441e-06,2.71e-06
5.327e-06,2.5e-06,7.16e-06,5.47e-06,2.5e-06
5.361e-06,2.37e-06,7.411e-06,5.505e-06,2.37e-06
5.413e-06,2.7e-06,7.8e-06,5.335e-06,2.7e-06
5.385e-06,2.52e-06,7.62e-06,5.55e-06,2.52e-06
5.354e-06,2.63e-06,7.44e-06,5.355e-06,2.63e-06
5.53e-06,2.66e-06,7.64e-06,5.565e-06,2.66e-06
5.733e-06,2.88e-06,8.15e-06,5.876e-06,2.88e-06
5.454e-06,2.58e-06,7.7e-06,5.456e-06,2.58e-06
5.573e-06,2.7e-06,7.98e-06,5.605e-06,2.83e-06
5.598e-06,2.71e-06,7.97e-06,5.515e-06,2.71e-06
5.978e-06,2.08e-06,8.21e-06,6.235e-06,3.82e-06
5.282e-06,2.35e-06,7.21e-06,5.39e-06,2.35e-06
5.627e-06,2.6e-06,7.97e-06,5.72e-06,2.92e-06
5.493e-06,2.5e-06,7.48e-06,5.625e-06,2.5e-06
5.794e-06,2.63e-06,7.8e-06,5.975e-06,3.06e-06
5.365e-06,2.67e-06,7.35e-06,5.45e-06,2.67e-06
5.661e-06,2.7e-06,7.84e-06,5.891e-06,2.7e-06
5.636e-06,2.73e-06,7.88e-06,6.005e-06,2.84e-06
5.444e-06,2.32e-06,7.58e-06,5.555e-06,2.32e-06
5.259e-06,2.63e-06,7.52e-06,5.39e-06,2.63e-06
5.383e-06,2.74e-06,7.69e-06,5.515e-06,2.74e-06
5.625e-06,2.71e-06,7.81e-06,5.77e-06,2.71e-06
5.452e-06,2.81e-06,7.391e-06,5.45e-06,2.81e-06
5.705e-06,2.64e-06,7.721e-06,5.86e-06,3.12e-06
5.492e-06,2.59e-06,7.6e-06,5.5e-06,2.59e-06
5.44e-06,1.9e-06,7.53e-06,5.63e-06,1.9e-06
5.354e-06,2.69e-06,7.49e-06,5.185e-06,2.69e-06
5.387e-06,2.66e-06,7.51e-06,5.5e-06,2.66e-06
5.647e-06,2.64e-06,7.96e-06,5.705e-06,2.64e-06
5.279e-06,2.38e-06,7.28e-06,5.486e-06,2.38e-06
5.252e-06,2.44e-06,7.381e-06,5.16e-06,2.44e-06
5.62e-06,2.48e-06,8.02e-06,5.575e-06,3.02e-06
5.556e-06,2.81e-06,7.87e-06,5.635e-06,2.81e-06
5.36e-06,2.4e-06,7.4e-06,5.44e-06,2.4e-06
5.437e-06,2.39e-06,7.74e-06,5.51e-06,2.39e-06
7.29e-06,1.77e-06,1.002e-05,8.18e-06,1.77e-06
5.594e-06,2.91e-06,7.87e-06,5.54e-06,2.91e-06
5.58e-06,2.62e-06,7.471e-06,5.775e-06,3.01e-06
5.569e-06,2.84e-06,7.9e-06,5.635e-06,2.84e-06
5.396e-06,2.31e-06,7.38e-06,5.33e-06,2.31e-06
5.306e-06,2.71e-06,7.55e-06,5.18e-06,2.84e-06
5.469e-06,2.6e-06,7.73e-06,5.555e-06,2.6e-06
5.377e-06,2.6e-06,7.39e-06,5.511e-06,2.6e-06
5.481e-06,2.72e-06,7.85e-06,5.43e-06,2.72e-06
9.416e-06,3.17e-06,1.1871e-05,1.0205e-05,7.87e-06
5.615e-06,2.67e-06,7.76e-06,5.515e-06,2.67e-06
5.61e-06,2.69e-06,7.69e-06,5.725e-06,2.94e-06
6.065e-06,2.56e-06,1.038e-05,5.91e-06,3.12e-06
5.985e-06,2.01e-06,8.54e-06,6.225e-06,3.8e-06
5.332e-06,2.39e-06,7.39e-06,5.51e-06,2.39e-06
5.331e-06,2.38e-06,7.65e-06,5.336e-06,2.38e-06
5.347e-06,2.41e-06,7.641e-06,5.275e-06,2.41e-06
5.616e-06,2.75e-06,7.95e-06,5.915e-06,2.75e-06
5.909e-06,2.31e-06,8.2e-06,6.045e-06,3.2e-06
5.335e-06,2.82e-06,7.47e-06,5.255e-06,2.82e-06
5.416e-06,2.63e-06,7.67e-06,5.41e-06,2.63e-06
5.868e-06,2.37e-06,8.28e-06,6.115e-06,3.24e-06
5.505e-06,2.65e-06,7.67e-06,5.645e-06,2.65e-06
5.564e-06,2.54e-06,7.811e-06,5.645e-06,2.91e-06
5.489e-06,2.7e-06,7.74e-06,5.5e-06,2.7e-06
5.806e-06,2.69e-06,1.022e-05,5.685e-06,2.86e-06
6.11e-06,1.99e-06,8.82e-06,6.47e-06,3.78e-06
5.518e-06,2.82e-06,7.75e-06,5.605e-06,2.82e-06
5.649e-06,2.59e-06,7.69e-06,5.745e-06,2.94e-06
5.45e-06,2.73e-06,7.6e-06,5.565e-06,2.73e-06
5.424e-06,2.56e-06,7.631e-06,5.485e-06,2.56e-06
5.756e-06,3e-06,8.05e-06,5.735e-06,3e-06
5.351e-06,2.66e-06,7.37e-06,5.545e-06,2.66e-06
5.361e-06,2.75e-06,7.44e-06,5.521e-06,2.75e-06
5.351e-06,2.3e-06,7.2e-06,5.58e-06,2.3e-06
5.587e-06,2.73e-06,8.01e-06,5.615e-06,2.73e-06
6.058e-06,2.74e-06,8.59e-06,6.415e-06,3.24e-06
5.562e-06,2.63e-06,7.82e-06,5.655e-06,2.84e-06
5.38e-06,2.13e-06,7.46e-06,5.55e-06,2.13e-06
6.255e-06,2.05e-06,8.76e-06,6.265e-06,2.05e-06
5.849e-06,2.38e-06,8.29e-06,5.99e-06,3.13e-06
5.683e-06,2.85e-06,7.96e-06,5.925e-06,2.88e-06
5.338e-06,2.4e-06,7.33e-06,5.455e-06,2.4e-06
5.348e-06,2.4e-06,7.71e-06,5.34e-06,2.4e-06
5.69e-06,2.57e-06,8.31e-06,5.67e-06,2.89e-06
5.79e-06,2.48e-06,8.15e-06,6.15e-06,3.08e-06
5.419e-06,2.27e-06,7.54e-06,5.585e-06,2.27e-06
5.494e-06,2.5e-06,7.66e-06,5.455e-06,2.5e-06
5.642e-06,2.75e-06,7.62e-06,5.78e-06,2.75e-06
5.326e-06,2.65e-06,7.21e-06,5.365e-06,2.65e-06
5.405e-06,2.26e-06,7.73e-06,5.53e-06,2.26e-06
5.494e-06,2.91e-06,7.721e-06,5.23e-06,2.91e-06
5.307e-06,2.64e-06,7.28e-06,5.41e-06,2.64e-06
6.321e-06,2.03e-06,8.8e-06,6.595e-06,3.84e-06
5.29e-06,2.81e-06,7.35e-06,5.235e-06,2.81e-06
5.576e-06,2.57e-06,7.8e-06,5.766e-06,3.11e-06
5.576e-06,2.52e-06,7.92e-06,5.746e-06,2.95e-06
5.615e-06,2.73e-06,8.05e-06,5.86e-06,2.73e-06
5.443e-06,2.52e-06,7.6e-06,5.445e-06,2.52e-06
5.485e-06,2.76e-06,7.51e-06,5.69e-06,2.76e-06
5.464e-06,2.75e-06,7.87e-06,5.295e-06,2.75e-06
5.572e-06,2.66e-06,7.65e-06,5.76e-06,2.66e-06
5.336e-06,2.56e-06,7.54e-06,5.48e-06,2.56e-06
5.57e-06,2.71e-06,7.87e-06,5.665e-06,2.81e-06
5.953e-06,2.32e-06,1.012e-05,5.736e-06,3.15e-06
6.068e-06,2.13e-06,8.43e-06,6.565e-06,3.99e-06
5.109e-06,2.19e-06,7.121e-06,4.911e-06,2.19e-06
5.252e-06,2.32e-06,7.39e-06,5.045e-06,2.32e-06
5.388e-06,2.5e-06,7.88e-06,5.485e-06,2.5e-06
5.364e-06,2.75e-06,7.66e-06,5.47e-06,2.75e-06
5.329e-06,2.47e-06,7.46e-06,5.475e-06,2.47e-06
5.5e-06,2.65e-06,7.71e-06,5.595e-06,2.65e-06
5.418e-06,1.92e-06,7.56e-06,5.495e-06,1.92e-06
5.567e-06,2.65e-06,7.791e-06,5.696e-06,2.95e-06
5.357e-06,2.35e-06,7.72e-06,5.355e-06,2.35e-06
5.409e-06,2.56e-06,7.8e-06,5.55e-06,2.56e-06
5.425e-06,2.571e-06,7.49e-06,5.41e-06,2.571e-06
6.021e-06,2.57e-06,9.03e-06,6.125e-06,3.21e-06
5.319e-06,2.66e-06,7.62e-06,5.645e-06,2.66e-06
5.448e-06,2.02e-06,7.57e-06,5.58e-06,2.02e-06
5.31e-06,2.531e-06,7.29e-06,5.125e-06,2.531e-06
5.245e-06,2.47e-06,7.42e-06,5.15e-06,2.47e-06
5.361e-06,2.66e-06,7.54e-06,5.49e-06,2.66e-06
5.54e-06,2.69e-06,7.85e-06,5.625e-06,2.69e-06
5.231e-06,2.59e-06,7.27e-06,5.34e-06,2.59e-06
5.337e-06,2.67e-06,7.56e-06,5.33e-06,2.67e-06
5.637e-06,2.89e-06,8.03e-06,5.521e-06,2.89e-06
5.344e-06,2.71e-06,7.41e-06,5.62e-06,2.73e-06
5.331e-06,2.56e-06,7.581e-06,5.255e-06,2.56e-06
5.617e-06,2.67e-06,8.06e-06,5.805e-06,2.67e-06
5.329e-06,2.59e-06,7.55e-06,5.145e-06,2.59e-06
5.29e-06,2.18e-06,7.56e-06,5.36e-06,2.18e-06
5.318e-06,2.52e-06,7.52e-06,5.205e-06,2.52e-06
1.1008e-05,2.31e-06,1.371e-05,1.1605e-05,2.31e-06
5.554e-06,1.84e-06,7.54e-06,5.66e-06,1.84e-06
5.183e-06,2.38e-06,7.27e-06,5.035e-06,2.38e-06
5.374e-06,2.291e-06,7.63e-06,5.405e-06,2.291e-06
5.534e-06,2.54e-06,7.87e-06,5.745e-06,3.05e-06
5.234e-06,2.66e-06,7.07e-06,5.355e-06,2.66e-06
5.419e-06,2.71e-06,7.69e-06,5.386e-06,2.71e-06
5.347e-06,2.28e-06,7.46e-06,5.42e-06,2.28e-06
5.517e-06,2.69e-06,7.76e-06,5.55e-06,2.69e-06
5.372e-06,2.55e-06,7.341e-06,5.385e-06,2.55e-06
5.235e-06,2.48e-06,7.38e-06,5.165e-06,2.48e-06
5.66e-06,2.5e-06,8.04e-06,6.086e-06,2.99e-06
5.345e-06,2.4e-06,7.56e-06,5.425e-06,2.4e-06
5.275e-06,2.58e-06,7.12e-06,5.425e-06,2.58e-06
5.733e-06,2.61e-06,8.15e-06,5.95e-06,3.03e-06
5.486e-06,2.65e-06,7.49e-06,5.655e-06,2.65e-06
5.494e-06,2.72e-06,7.941e-06,5.6e-06,2.72e-06
5.411e-06,2.2e-06,7.44e-06,5.67e-06,2.2e-06
5.68e-06,2.71e-06,7.72e-06,5.896e-06,2.91e-06
5.464e-06,2.72e-06,7.5e-06,5.7e-06,2.72e-06
5.419e-06,2.67e-06,7.81e-06,5.6e-06,2.67e-06
5.362e-06,2.54e-06,7.46e-06,5.405e-06,2.54e-06
5.339e-06,2.65e-06,7.48e-06,5.47e-06,2.65e-06
5.695e-06,2.43e-06,8.23e-06,5.875e-06,3.05e-06
5.473e-06,2.52e-06,7.85e-06,5.57e-06,2.52e-06
5.516e-06,2.64e-06,7.57e-06,5.66e-06,2.64e-06
5.699e-06,2.75e-06,8.03e-06,5.965e-06,2.84e-06
5.681e-06,2.58e-06,7.88e-06,5.835e-06,3.02e-06
5.391e-06,2.66e-06,7.72e-06,5.441e-06,2.85e-06
5.272e-06,2.52e-06,7.34e-06,5.16e-06,2.52e-06
5.334e-06,2.64e-06,7.57e-06,5.445e-06,2.64e-06
5.401e-06,2.68e-06,7.49e-06,5.36e-06,2.68e-06
5.424e-06,2.17e-06,7.74e-06,5.495e-06,2.17e-06
5.207e-06,2.54e-06,7.09e-06,4.951e-06,2.54e-06
5.935e-06,2.34e-06,8.29e-06,6.15e-06,3.17e-06
5.274e-06,2.63e-06,7.42e-06,5.211e-06,2.63e-06
5.385e-06,2.13e-06,7.74e-06,5.36e-06,2.13e-06
5.393e-06,2.62e-06,7.57e-06,5.445e-06,2.62e-06
5.541e-06,2.71e-06,7.991e-06,5.75e-06,2.85e-06
5.579e-06,2.51e-06,7.95e-06,5.555e-06,2.96e-06
5.435e-06,2.62e-06,7.78e-06,5.605e-06,2.62e-06
5.437e-06,2.61e-06,7.59e-06,5.525e-06,2.61e-06
5.653e-06,2.38e-06,8.08e-06,5.786e-06,3.09e-06
5.616e-06,2.74e-06,7.72e-06,5.515e-06,2.75e-06
5.372e-06,2.841e-06,7.64e-06,5.25e-06,2.841e-06
5.455e-06,2.64e-06,7.591e-06,5.575e-06,2.64e-06
5.418e-06,2.71e-06,7.49e-06,5.4e-06,2.85e-06
5.305e-06,2.39e-06,7.33e-06,5.49e-06,2.39e-06
5.427e-06,2.41e-06,7.78e-06,5.475e-06,2.41e-06
5.65e-06,2.37e-06,1.022e-05,5.316e-06,2.37e-06
6.366e-06,1.99e-06,9.32e-06,6.71e-06,4.38e-06
5.583e-06,2.49e-06,7.9e-06,5.755e-06,2.96e-06
5.394e-06,2.751e-06,7.281e-06,5.41e-06,2.751e-06
5.379e-06,2.62e-06,7.41e-06,5.465e-06,2.62e-06
5.664e-06,2.78e-06,7.82e-06,5.845e-06,2.88e-06
5.261e-06,2.37e-06,7.51e-06,5.201e-06,2.37e-06
5.282e-06,2.56e-06,7.45e-06,5.36e-06,2.56e-06
5.38e-06,2.66e-06,7.59e-06,5.665e-06,2.86e-06
5.343e-06,2.6e-06,7.55e-06,5.365e-06,2.6e-06
5.491e-06,2.72e-06,7.56e-06,5.61e-06,2.82e-06
5.494e-06,2.66e-06,7.741e-06,5.62e-06,2.66e-06
5.379e-06,2.65e-06,7.23e-06,5.39e-06,2.65e-06
5.915e-06,2.23e-06,8.87e-06,6.06e-06,3.37e-06
5.299e-06,2.5e-06,7.46e-06,5.42e-06,2.5e-06
5.423e-06,2.19e-06,7.61e-06,5.545e-06,2.19e-06
5.315e-06,2.44e-06,7.6e-06,5.355e-06,2.44e-06
5.403e-06,2.36e-06,7.57e-06,5.565e-06,2.36e-06
5.404e-06,2.49e-06,7.511e-06,5.445e-06,2.49e-06
5.599e-06,2.6e-06,7.91e-06,5.78e-06,2.88e-06
5.656e-06,2.37e-06,7.96e-06,5.875e-06,3.14e-06
5.452e-06,2.71e-06,7.69e-06,5.525e-06,2.89e-06
5.337e-06,2.5e-06,7.66e-06,5.23e-06,2.5e-06
5.537e-06,2.41e-06,7.82e-06,5.41e-06,2.41e-06
5.243e-06,2.55e-06,7.2e-06,5.295e-06,2.55e-06
5.571e-06,1.96e-06,7.83e-06,5.72e-06,1.96e-06
5.341e-06,2.36e-06,7.52e-06,5.305e-06,2.36e-06
5.483e-06,2.6e-06,7.71e-06,5.515e-06,2.6e-06
5.31e-06,2.61e-06,7.29e-06,5.365e-06,2.61e-06
5.366e-06,2.65e-06,7.47e-06,5.25e-06,2.65e-06
5.358e-06,2.3e-06,7.62e-06,5.305e-06,2.3e-06
5.433e-06,2.57e-06,7.88e-06,5.315e-06,2.57e-06
5.343e-06,2.51e-06,7.52e-06,5.415e-06,2.51e-06
5.377e-06,2.38e-06,7.42e-06,5.586e-06,2.38e-06
5.648e-06,2.74e-06,7.86e-06,5.92e-06,2.74e-06
5.549e-06,2.4e-06,7.83e-06,5.816e-06,2.4e-06
5.502e-06,2.53e-06,7.61e-06,5.51e-06,2.981e-06
5.416e-06,2.8e-06,7.58e-06,5.535e-06,2.8e-06
5.701e-06,2.65e-06,8e-06,5.905e-06,2.65e-06
5.342e-06,2.6e-06,7.52e-06,5.315e-06,2.6e-06
5.275e-06,2.261e-06,7.33e-06,5.415e-06,2.261e-06
5.351e-06,2.3e-06,7.65e-06,5.385e-06,2.3e-06
5.306e-06,2.53e-06,7.54e-06,5.101e-06,2.53e-06
5.329e-06,2.67e-06,7.37e-06,5.31e-06,2.81e-06
5.377e-06,2.62e-06,7.44e-06,5.485e-06,2.62e-06
5.202e-06,2.34e-06,7.38e-06,5.27e-06,2.34e-06
5.415e-06,2.6e-06,7.61e-06,5.51e-06,2.6e-06
5.654e-06,2.43e-06,7.97e-06,5.695e-06,3.12e-06
5.319e-06,2.39e-06,7.35e-06,5.47e-06,2.39e-06
5.874e-06,2.54e-06,8.34e-06,6.056e-06,3.04e-06
5.254e-06,2.54e-06,7.63e-06,5.375e-06,2.54e-06
5.458e-06,2.54e-06,7.8e-06,5.446e-06,2.54e-06
5.286e-06,2.37e-06,7.24e-06,5.36e-06,2.37e-06
5.525e-06,2.35e-06,8.71e-06,5.49e-06,2.35e-06
5.867e-06,2.25e-06,8.25e-06,6.1e-06,4.16e-06
5.744e-06,2.37e-06,8.23e-06,6.07e-06,3.19e-06
5.367e-06,2.42e-06,7.42e-06,5.455e-06,2.42e-06
5.264e-06,2.49e-06,7.28e-06,5.18e-06,2.49e-06
5.381e-06,2.67e-06,7.42e-06,5.475e-06,2.67e-06
5.472e-06,2.7e-06,7.71e-06,5.6e-06,2.79e-06
5.368e-06,2.17e-06,7.45e-06,5.591e-06,2.17e-06
5.458e-06,2.29e-06,7.79e-06,5.605e-06,2.29e-06
5.301e-06,2.36e-06,7.581e-06,5.29e-06,2.36e-06
5.504e-06,2.58e-06,7.42e-06,5.546e-06,3.03e-06
5.458e-06,2.75e-06,7.55e-06,5.59e-06,2.75e-06
5.428e-06,2.64e-06,7.3e-06,5.57e-06,2.64e-06
5.398e-06,2.61e-06,8.39e-06,5.22e-06,2.61e-06
5.244e-06,2.7e-06,7.72e-06,5.345e-06,2.85e-06
5.382e-06,2.67e-06,7.46e-06,5.535e-06,2.67e-06
5.299e-06,2.641e-06,7.601e-06,5.27e-06,2.641e-06
5.426e-06,2.42e-06,7.94e-06,5.335e-06,2.42e-06
5.505e-06,2.74e-06,7.83e-06,5.6e-06,2.74e-06
5.365e-06,2.44e-06,7.58e-06,5.405e-06,2.44e-06
5.313e-06,2.671e-06,7.18e-06,5.425e-06,2.671e-06
5.687e-06,2.41e-06,8.08e-06,5.86e-06,3.12e-06
5.638e-06,2.7e-06,7.88e-06,5.89e-06,2.85e-06
5.502e-06,2.71e-06,7.65e-06,5.67e-06,2.71e-06
5.298e-06,2.71e-06,7.66e-06,5.16e-06,2.71e-06
5.358e-06,2.54e-06,7.46e-06,5.28e-06,2.54e-06
5.334e-06,2.71e-06,7.56e-06,5.305e-06,2.71e-06
7.366e-06,2.3e-06,1.03e-05,8.051e-06,2.3e-06
5.314e-06,2.48e-06,7.57e-06,5.27e-06,2.48e-06
5.452e-06,2.63e-06,7.83e-06,5.505e-06,2.83e-06
5.55e-06,1.95e-06,7.92e-06,5.765e-06,1.95e-06
5.267e-06,2.22e-06,7.391e-06,5.42e-06,2.22e-06
5.444e-06,2.38e-06,7.68e-06,5.485e-06,2.38e-06
5.339e-06,2.42e-06,7.69e-06,5.48e-06,2.42e-06
5.646e-06,2.59e-06,8.01e-06,5.701e-06,3e-06
5.306e-06,2.32e-06,7.41e-06,5.395e-06,2.32e-06
5.425e-06,2.59e-06,7.64e-06,5.42e-06,2.59e-06
5.294e-06,2.64e-06,7.26e-06,5.38e-06,2.64e-06
5.356e-06,2.76e-06,7.471e-06,5.275e-06,2.76e-06
6.228e-06,1.98e-06,8.35e-06,6.765e-06,1.98e-06
5.391e-06,1.92e-06,7.59e-06,5.32e-06,1.92e-06
5.374e-06,2.45e-06,7.35e-06,5.371e-06,2.45e-06
5.366e-06,2.7e-06,7.69e-06,5.295e-06,2.73e-06
5.379e-06,2.65e-06,7.241e-06,5.57e-06,2.65e-06
5.672e-06,2.71e-06,8e-06,5.865e-06,2.85e-06
5.368e-06,2.59e-06,7.56e-06,5.495e-06,2.59e-06
5.636e-06,2.71e-06,7.92e-06,5.88e-06,2.85e-06
5.508e-06,2.66e-06,7.7e-06,5.711e-06,2.66e-06
5.493e-06,2.23e-06,7.92e-06,5.486e-06,2.23e-06
5.202e-06,2.55e-06,7.4e-06,5.235e-06,2.55e-06
5.417e-06,2.64e-06,7.7e-06,5.35e-06,2.94e-06
5.169e-06,2.43e-06,6.96e-06,4.98e-06,2.43e-06
5.582e-06,2.6e-06,9.91e-06,5.28e-06,2.6e-06
6.195e-06,2.04e-06,8.64e-06,6.65e-06,4.42e-06
5.482e-06,2.64e-06,7.75e-06,5.635e-06,2.95e-06
5.319e-06,2.68e-06,7.44e-06,5.356e-06,2.68e-06
5.538e-06,2.54e-06,7.85e-06,5.68e-06,3.07e-06
5.268e-06,2.57e-06,7.53e-06,5.34e-06,2.57e-06
5.438e-06,2.37e-06,8.21e-06,5.305e-06,2.37e-06
5.148e-06,2.5e-06,7.26e-06,5.07e-06,2.5e-06
5.403e-06,2.77e-06,7.601e-06,5.3e-06,2.77e-06
5.648e-06,2.22e-06,7.87e-06,5.83e-06,3.191e-06
5.522e-06,2.75e-06,7.73e-06,5.655e-06,2.8e-06
5.261e-06,2.33e-06,7.51e-06,5.24e-06,2.33e-06
5.264e-06,2.68e-06,7.62e-06,5.07e-06,2.68e-06
5.517e-06,2.651e-06,7.87e-06,5.445e-06,2.651e-06
5.377e-06,2.47e-06,7.32e-06,5.81e-06,2.47e-06
5.307e-06,2.54e-06,7.201e-06,5.415e-06,2.54e-06
5.522e-06,2.72e-06,7.84e-06,5.68e-06,2.72e-06
5.253e-06,2.33e-06,7.4e-06,5.075e-06,2.33e-06
5.384e-06,2.14e-06,7.54e-06,5.565e-06,2.14e-06
5.59e-06,2.63e-06,7.58e-06,5.72e-06,2.89e-06
1.6904e-05,2.89e-06,0.000116643,5.385e-06,3.07e-06
6.058e-06,2e-06,9.84e-06,5.68e-06,2e-06
5.434e-06,2.77e-06,7.35e-06,5.405e-06,2.81e-06
5.388e-06,2.62e-06,7.48e-06,5.38e-06,2.62e-06
5.435e-06,2.69e-06,7.72e-06,5.39e-06,2.69e-06
5.389e-06,2.71e-06,7.43e-06,5.365e-06,2.71e-06
5.425e-06,2.75e-06,7.79e-06,5.595e-06,2.75e-06
5.45e-06,2.72e-06,7.53e-06,5.566e-06,2.72e-06
5.592e-06,2.7e-06,7.95e-06,5.59e-06,3.1e-06
5.458e-06,2.62e-06,7.571e-06,5.565e-06,2.62e-06
5.672e-06,2.73e-06,8.12e-06,5.845e-06,2.73e-06
5.542e-06,2.62e-06,9.74e-06,5.11e-06,2.62e-06
6.179e-06,2.15e-06,8.721e-06,6.565e-06,4.34e-06
5.329e-06,2.28e-06,7.41e-06,5.295e-06,2.28e-06
5.328e-06,2.44e-06,7.47e-06,5.35e-06,2.44e-06
6.535e-06,1.73e-06,8.65e-06,7.135e-06,1.73e-06
5.563e-06,2.69e-06,7.841e-06,5.63e-06,2.94e-06
5.311e-06,2.46e-06,7.57e-06,5.195e-06,2.46e-06
5.411e-06,2.38e-06,7.58e-06,5.455e-06,2.38e-06
5.701e-06,2.611e-06,7.74e-06,5.76e-06,3.03e-06
5.253e-06,2.57e-06,7.23e-06,5.275e-06,2.57e-06
5.532e-06,2.65e-06,7.57e-06,5.535e-06,3.26e-06
5.667e-06,2.54e-06,7.86e-06,5.775e-06,3.05e-06
5.408e-06,2.73e-06,7.501e-06,5.53e-06,2.74e-06
5.625e-06,2.65e-06,9.061e-06,5.555e-06,2.65e-06
5.558e-06,2.14e-06,7.7e-06,5.835e-06,3.41e-06
5.546e-06,2.61e-06,7.76e-06,5.54e-06,2.94e-06
5.572e-06,2.82e-06,7.731e-06,5.705e-06,3.17e-06
5.413e-06,2.79e-06,7.77e-06,5.415e-06,2.82e-06
5.631e-06,2.4e-06,7.93e-06,5.755e-06,3.08e-06
5.656e-06,2.83e-06,7.97e-06,5.9e-06,3.05e-06
5.247e-06,2.61e-06,7.27e-06,5.28e-06,2.61e-06
5.747e-06,2.21e-06,7.85e-06,5.97e-06,3.4e-06
6.147e-06,2.09e-06,8.6e-06,6.415e-06,3.78e-06
5.835e-06,2.23e-06,8.21e-06,6.08e-06,3.29e-06
5.426e-06,2.02e-06,7.56e-06,5.55e-06,2.02e-06
5.397e-06,2.5e-06,7.6e-06,5.395e-06,2.5e-06
5.497e-06,2.6e-06,8.78e-06,5.35e-06,2.6e-06
5.495e-06,2.36e-06,7.74e-06,5.865e-06,3.16e-06
5.339e-06,2.74e-06,7.68e-06,5.395e-06,2.74e-06
5.387e-06,2.49e-06,7.64e-06,5.74e-06,2.49e-06
5.584e-06,2.5e-06,7.94e-06,5.85e-06,2.94e-06
5.56e-06,2.62e-06,7.85e-06,5.6e-06,2.93e-06
5.48e-06,2.69e-06,7.78e-06,5.4e-06,2.69e-06
5.326e-06,2.6e-06,7.58e-06,5.336e-06,2.6e-06
5.35e-06,2.58e-06,7.491e-06,5.355e-06,2.58e-06
5.839e-06,2.57e-06,8e-06,6.22e-06,2.951e-06
5.241e-06,2.42e-06,7.35e-06,5.28e-06,2.42e-06
5.234e-06,2.47e-06,7.27e-06,5.27e-06,2.47e-06
5.62e-06,2.64e-06,7.85e-06,5.63e-06,3.25e-06
5.617e-06,2.641e-06,1.008e-05,5.275e-06,2.641e-06
6.181e-06,2.12e-06,8.61e-06,6.531e-06,4.07e-06
5.272e-06,2.19e-06,7.261e-06,5.49e-06,2.19e-06
5.422e-06,2.64e-06,7.53e-06,5.425e-06,2.64e-06
5.554e-06,2.98e-06,7.63e-06,5.421e-06,5.331e-06
5.245e-06,2.56e-06,7.58e-06,5.245e-06,2.56e-06
5.331e-06,2.77e-06,7.4e-06,5.431e-06,2.79e-06
5.498e-06,2.69e-06,7.99e-06,5.6e-06,2.69e-06
5.408e-06,2.74e-06,7.77e-06,5.65e-06,2.74e-06
5.813e-06,2.71e-06,8.12e-06,6.095e-06,2.87e-06
5.46e-06,2.71e-06,7.58e-06,5.525e-06,2.71e-06
5.466e-06,2.47e-06,7.75e-06,5.495e-06,2.47e-06
5.385e-06,2.75e-06,7.69e-06,5.43e-06,2.85e-06
5.399e-06,2.37e-06,8.14e-06,5.285e-06,2.37e-06
5.269e-06,2.59e-06,7.27e-06,5.59e-06,2.59e-06
5.401e-06,2.64e-06,7.68e-06,5.381e-06,2.64e-06
5.25e-06,2.71e-06,7.36e-06,5.17e-06,2.71e-06
1.5593e-05,3.73e-06,1.914e-05,1.698e-05,1.357e-05
7.457e-06,2e-06,1.096e-05,8.53e-06,4.72e-06
5.371e-06,2.7e-06,7.7e-06,5.4e-06,2.77e-06
5.602e-06,2.89e-06,7.88e-06,5.78e-06,2.9e-06
5.335e-06,2.56e-06,7.39e-06,5.36e-06,2.56e-06
5.305e-06,2.81e-06,7.22e-06,5.26e-06,2.87e-06
5.52e-06,2.44e-06,7.77e-06,5.585e-06,2.44e-06
5.35e-06,2.69e-06,7.41e-06,5.46e-06,2.69e-06
5.441e-06,2.48e-06,8.03e-06,5.345e-06,2.48e-06
5.504e-06,2.82e-06,7.89e-06,5.64e-06,3.07e-06
5.424e-06,2.67e-06,7.49e-06,5.46e-06,2.67e-06
5.507e-06,2.38e-06,7.75e-06,5.546e-06,2.38e-06
5.323e-06,2.6e-06,7.44e-06,5.18e-06,2.6e-06
5.251e-06,2.54e-06,7.341e-06,5.38e-06,2.54e-06
5.319e-06,2.54e-06,7.54e-06,5.385e-06,2.54e-06
5.624e-06,2.8e-06,8.07e-06,5.755e-06,2.811e-06
5.227e-06,2.36e-06,7.15e-06,5.325e-06,2.36e-06
5.524e-06,2.62e-06,7.91e-06,5.63e-06,2.82e-06
5.589e-06,2.55e-06,8.04e-06,5.765e-06,3.01e-06
5.667e-06,2.47e-06,7.99e-06,5.705e-06,3.051e-06
5.38e-06,2.69e-06,7.401e-06,5.305e-06,2.77e-06
5.455e-06,2.52e-06,9.18e-06,5.23e-06,2.52e-06
5.593e-06,2.14e-06,7.86e-06,5.835e-06,3.52e-06
5.436e-06,2.67e-06,8.02e-06,5.545e-06,2.851e-06
5.46e-06,2.76e-06,7.63e-06,5.61e-06,2.8e-06
5.27e-06,2.5e-06,7.32e-06,5.23e-06,2.5e-06
5.317e-06,2.57e-06,7.73e-06,5.21e-06,2.57e-06
5.699e-06,2.3e-06,8.06e-06,5.95e-06,3.18e-06
5.29e-06,2.63e-06,7.401e-06,5.305e-06,2.63e-06
5.412e-06,2.81e-06,7.59e-06,5.55e-06,2.81e-06
5.71e-06,2.5e-06,8.05e-06,5.84e-06,3.16e-06
5.188e-06,2.63e-06,7.071e-06,4.98e-06,2.63e-06
5.299e-06,2.58e-06,7.46e-06,5.185e-06,2.58e-06
5.384e-06,2.71e-06,7.55e-06,5.395e-06,2.82e-06
5.515e-06,2.62e-06,7.79e-06,5.705e-06,2.85e-06
5.196e-06,2.29e-06,7.38e-06,5.465e-06,2.29e-06
5.366e-06,2.52e-06,7.86e-06,5.405e-06,2.52e-06
5.76e-06,2.47e-06,8.09e-06,5.935e-06,3.56e-06
5.3e-06,2.62e-06,7.66e-06,5.36e-06,2.62e-06
5.305e-06,2.69e-06,7.5e-06,5.325e-06,2.69e-06
5.503e-06,2.6e-06,7.74e-06,5.715e-06,2.6e-06
5.426e-06,2.27e-06,7.62e-06,5.45e-06,2.27e-06
5.284e-06,2.62e-06,7.29e-06,5.326e-06,2.62e-06
5.633e-06,2.55e-06,8.07e-06,5.76e-06,3.01e-06
5.445e-06,2.64e-06,7.64e-06,5.56e-06,2.64e-06
5.397e-06,2.78e-06,7.67e-06,5.48e-06,2.78e-06
5.405e-06,2.41e-06,7.69e-06,5.4e-06,2.41e-06
5.334e-06,2.61e-06,7.55e-06,5.37e-06,2.61e-06
5.158e-06,2.54e-06,7.5e-06,4.995e-06,2.54e-06
5.314e-06,2.68e-06,7.37e-06,5.225e-06,2.68e-06
5.258e-06,2.63e-06,7.321e-06,5.41e-06,2.63e-06
5.392e-06,1.97e-06,7.49e-06,5.585e-06,1.97e-06
6.072e-06,2.291e-06,8.32e-06,6.45e-06,2.291e-06
5.298e-06,2.49e-06,7.35e-06,5.13e-06,2.49e-06
5.374e-06,2.59e-06,7.53e-06,5.465e-06,2.59e-06
5.372e-06,2.65e-06,7.63e-06,5.335e-06,2.65e-06
5.6e-06,2.37e-06,7.481e-06,5.77e-06,3.211e-06
5.352e-06,2.75e-06,7.451e-06,5.405e-06,2.75e-06
5.375e-06,2.16e-06,7.23e-06,5.635e-06,2.16e-06
6.045e-06,2.54e-06,8.53e-06,6.425e-06,3.08e-06
5.422e-06,2.7e-06,7.58e-06,5.575e-06,2.7e-06
5.153e-06,2.69e-06,7.49e-06,5.035e-06,2.69e-06
5.598e-06,2.64e-06,7.89e-06,5.625e-06,2.86e-06
5.289e-06,2.87e-06,7.17e-06,5.381e-06,2.87e-06
5.519e-06,2.57e-06,7.73e-06,5.62e-06,2.57e-06
5.324e-06,2.62e-06,7.57e-06,5.26e-06,2.62e-06
5.649e-06,2.43e-06,7.99e-06,5.765e-06,3.16e-06
5.494e-06,2.61e-06,7.83e-06,5.665e-06,2.91e-06
8.794e-06,3.33e-06,1.115e-05,9.445e-06,7.301e-06
4.882e-06,2.06e-06,6.64e-06,4.465e-06,2.06e-06
5.435e-06,2.51e-06,7.6e-06,5.475e-06,2.51e-06
5.331e-06,2.57e-06,7.5e-06,5.345e-06,2.57e-06
5.649e-06,2.65e-06,7.88e-06,6.085e-06,3.07e-06
5.49e-06,2.76e-06,7.54e-06,5.81e-06,2.81e-06
6.954e-06,1.88e-06,9.72e-06,7.795e-06,1.88e-06
5.318e-06,2.64e-06,7.45e-06,5.22e-06,2.64e-06
5.605e-06,2.47e-06,7.81e-06,5.79e-06,3.04e-06
5.421e-06,2.74e-06,7.67e-06,5.52e-06,2.74e-06
5.22e-06,2.54e-06,7.46e-06,5.37e-06,2.54e-06
5.45e-06,2.65e-06,7.63e-06,5.67e-06,2.65e-06
5.721e-06,2.7e-06,7.94e-06,6.01e-06,2.7e-06
5.477e-06,2.04e-06,7.65e-06,5.62e-06,2.04e-06
5.381e-06,2.55e-06,7.59e-06,5.365e-06,2.55e-06
5.43e-06,2.48e-06,7.59e-06,5.565e-06,2.48e-06
5.402e-06,2.61e-06,7.41e-06,5.58e-06,2.61e-06
5.418e-06,2.82e-06,7.57e-06,5.59e-06,2.82e-06
5.349e-06,2.66e-06,7.291e-06,5.4e-06,2.66e-06
6.646e-06,1.76e-06,9.46e-06,7.401e-06,1.76e-06
5.401e-06,2.49e-06,7.51e-06,5.31e-06,2.49e-06
5.41e-06,2.64e-06,7.59e-06,5.465e-06,2.64e-06
5.307e-06,2.54e-06,7.47e-06,5.375e-06,2.54e-06
5.317e-06,2.64e-06,7.83e-06,5.155e-06,2.64e-06
5.655e-06,2.48e-06,8.07e-06,5.845e-06,3.01e-06
5.23e-06,2.61e-06,7.171e-06,4.94e-06,2.61e-06
5.542e-06,2.14e-06,7.78e-06,5.585e-06,2.14e-06
5.502e-06,2.78e-06,7.66e-06,5.575e-06,2.79e-06
5.345e-06,2.64e-06,7.75e-06,5.44e-06,2.64e-06
5.292e-06,2.64e-06,7.56e-06,5.205e-06,2.64e-06
5.302e-06,2.65e-06,7.24e-06,5.24e-06,2.65e-06
5.607e-06,2.52e-06,7.72e-06,5.705e-06,3.05e-06
7.486e-06,1.69e-06,9.79e-06,8.475e-06,1.69e-06
5.437e-06,2.51e-06,7.72e-06,5.456e-06,2.51e-06
5.53e-06,2.02e-06,7.7e-06,5.66e-06,2.02e-06
5.858e-06,2.6e-06,8.15e-06,6.055e-06,2.94e-06
5.436e-06,2.6e-06,7.63e-06,5.455e-06,2.6e-06
5.294e-06,2.7e-06,7.28e-06,5.3e-06,2.7e-06
5.342e-06,2.67e-06,7.35e-06,5.31e-06,2.91e-06
5.457e-06,2.68e-06,7.58e-06,5.28e-06,2.87e-06
5.595e-06,2.35e-06,7.96e-06,5.775e-06,3.09e-06
5.233e-06,2.74e-06,7.41e-06,5.19e-06,2.74e-06
5.702e-06,2.38e-06,8.08e-06,5.845e-06,3.04e-06
5.307e-06,2.76e-06,7.67e-06,5.085e-06,2.76e-06
5.365e-06,2.6e-06,7.54e-06,5.445e-06,2.6e-06
5.722e-06,1.78e-06,8.221e-06,5.87e-06,1.78e-06
5.398e-06,2.4e-06,7.55e-06,5.355e-06,2.4e-06
5.412e-06,2.63e-06,7.671e-06,5.435e-06,2.63e-06
5.178e-06,2.45e-06,7.43e-06,5.06e-06,2.45e-06
5.258e-06,2.541e-06,7.41e-06,5.39e-06,2.541e-06
5.649e-06,2.72e-06,7.94e-06,5.836e-06,2.81e-06
5.737e-06,2.26e-06,8.12e-06,6e-06,3.2e-06
5.443e-06,1.98e-06,7.63e-06,5.59e-06,1.98e-06
5.371e-06,2.581e-06,7.56e-06,5.23e-06,2.581e-06
5.533e-06,2.7e-06,7.741e-06,5.426e-06,2.7e-06
5.452e-06,2.65e-06,7.63e-06,5.44e-06,2.88e-06
5.31e-06,2.54e-06,7.51e-06,5.335e-06,2.54e-06
5.515e-06,2.69e-06,9.11e-06,5.401e-06,2.69e-06
5.673e-06,2.52e-06,8.08e-06,5.905e-06,3.31e-06
5.374e-06,2.74e-06,7.65e-06,5.395e-06,2.74e-06
5.413e-06,2.63e-06,7.63e-06,5.455e-06,2.63e-06
5.322e-06,2.55e-06,7.48e-06,5.38e-06,2.55e-06
5.33e-06,2.57e-06,7.11e-06,5.355e-06,2.57e-06
5.956e-06,2.02e-06,8.1e-06,6.136e-06,3.81e-06
5.404e-06,2.41e-06,7.43e-06,5.595e-06,2.41e-06
5.35e-06,2.75e-06,7.6e-06,5.235e-06,2.75e-06
5.698e-06,2.69e-06,7.94e-06,5.745e-06,2.79e-06
5.376e-06,2.9e-06,7.68e-06,5.195e-06,3.06e-06
5.147e-06,2.54e-06,7.23e-06,5.09e-06,2.54e-06
5.676e-06,2.42e-06,8e-06,5.815e-06,3.1e-06
5.883e-06,2.8e-06,1.053e-05,5.6e-06,2.88e-06
6.106e-06,1.97e-06,8.96e-06,6.42e-06,4.08e-06
5.209e-06,2.57e-06,7.46e-06,5.15e-06,2.57e-06
5.433e-06,2.61e-06,7.6e-06,5.59e-06,2.61e-06
6.04e-06,2.061e-06,8.34e-06,6.355e-06,3.94e-06
5.309e-06,2.73e-06,7.2e-06,5.395e-06,2.73e-06
5.256e-06,2.44e-06,7.18e-06,5.336e-06,2.44e-06
5.184e-06,2.38e-06,7.18e-06,5.225e-06,2.38e-06
5.268e-06,2.56e-06,7.22e-06,5.346e-06,2.56e-06
5.928e-06,2.23e-06,8.36e-06,6.175e-06,3.35e-06
5.507e-06,2.6e-06,7.83e-06,5.7e-06,2.6e-06
5.261e-06,2.65e-06,7.58e-06,5.135e-06,2.65e-06
5.405e-06,2.65e-06,7.69e-06,5.41e-06,2.65e-06
5.469e-06,2.73e-06,7.71e-06,5.55e-06,2.85e-06
5.335e-06,2.62e-06,7.42e-06,5.355e-06,2.62e-06
5.321e-06,2.6e-06,7.58e-06,5.286e-06,2.6e-06
5.345e-06,2.42e-06,7.54e-06,5.365e-06,2.42e-06
5.414e-06,2.55e-06,7.49e-06,5.595e-06,2.55e-06
5.434e-06,2.62e-06,7.42e-06,5.625e-06,2.62e-06
5.351e-06,2.42e-06,7.61e-06,5.455e-06,2.42e-06
5.356e-06,2.711e-06,7.58e-06,5.415e-06,2.711e-06
5.638e-06,2.5e-06,7.93e-06,5.805e-06,2.99e-06
5.561e-06,2.6e-06,7.78e-06,5.721e-06,2.94e-06
7.937e-06,4.74e-06,1.304e-05,7.335e-06,9.52e-06
4.704e-06,2.57e-06,6.82e-06,4.835e-06,2.57e-06
5.394e-06,2.54e-06,7.6e-06,5.201e-06,2.54e-06
5.324e-06,2.59e-06,8.26e-06,5.075e-06,2.59e-06
5.248e-06,2e-06,7.37e-06,5.405e-06,2e-06
5.369e-06,2.61e-06,7.39e-06,5.26e-06,2.61e-06
5.533e-06,2.78e-06,7.73e-06,5.525e-06,2.78e-06
5.292e-06,2.47e-06,7.54e-06,5.35e-06,2.47e-06
5.733e-06,2.47e-06,8.11e-06,6.065e-06,3.2e-06
5.683e-06,2.4e-06,8.02e-06,5.836e-06,3.141e-06
5.496e-06,2.62e-06,7.66e-06,5.686e-06,2.62e-06
5.591e-06,2.44e-06,7.63e-06,5.58e-06,3.04e-06
5.339e-06,2.41e-06,7.33e-06,5.41e-06,2.41e-06
5.247e-06,2.781e-06,7.22e-06,5.385e-06,2.781e-06
5.612e-06,2.39e-06,8.09e-06,5.74e-06,2.39e-06
5.291e-06,2.44e-06,7.32e-06,5.285e-06,2.44e-06
5.436e-06,2.6e-06,7.62e-06,5.54e-06,2.6e-06
5.33e-06,2.54e-06,7.54e-06,5.335e-06,2.54e-06
5.469e-06,2.63e-06,7.61e-06,5.61e-06,2.91e-06
5.294e-06,2.05e-06,7.331e-06,5.475e-06,2.05e-06
5.344e-06,2.95e-06,7.53e-06,5.31e-06,2.96e-06
5.33e-06,2.53e-06,7.56e-06,5.31e-06,2.53e-06
5.351e-06,2.47e-06,7.61e-06,5.38e-06,2.47e-06
5.529e-06,2.78e-06,7.71e-06,5.741e-06,2.78e-06
5.379e-06,2.7e-06,7.72e-06,5.505e-06,2.77e-06
5.335e-06,2.46e-06,7.54e-06,5.43e-06,2.46e-06
5.448e-06,2.56e-06,7.6e-06,5.62e-06,2.92e-06
6.186e-06,2.87e-06,8.381e-06,6.66e-06,4.54e-06
5.502e-06,2.76e-06,7.81e-06,5.37e-06,2.76e-06
5.014e-06,2.3e-06,7.88e-06,4.76e-06,2.3e-06
5.478e-06,2.7e-06,7.82e-06,5.386e-06,2.85e-06
5.609e-06,2.71e-06,7.84e-06,5.75e-06,2.86e-06
5.254e-06,2.5e-06,7.45e-06,5.21e-06,2.5e-06
5.547e-06,2.51e-06,7.74e-06,5.69e-06,3.13e-06
5.341e-06,2.21e-06,7.34e-06,5.435e-06,2.21e-06
5.336e-06,2.43e-06,7.68e-06,5.48e-06,2.43e-06
5.494e-06,2.91e-06,7.78e-06,5.555e-06,3.07e-06
5.389e-06,2.71e-06,7.65e-06,5.391e-06,2.71e-06
5.154e-06,2.53e-06,6.99e-06,4.955e-06,2.53e-06
5.239e-06,2.4e-06,7.38e-06,5.29e-06,2.4e-06
5.299e-06,2.43e-06,7.52e-06,5.28e-06,2.43e-06
5.4e-06,2.44e-06,7.351e-06,5.58e-06,2.44e-06
5.217e-06,2.43e-06,7.63e-06,5.175e-06,3.081e-06
5.683e-06,2.6e-06,7.82e-06,5.88e-06,2.95e-06
5.337e-06,2.66e-06,7.37e-06,5.266e-06,2.66e-06
5.262e-06,2.36e-06,7.41e-06,5.13e-06,2.36e-06
5.348e-06,2.271e-06,7.47e-06,5.386e-06,2.271e-06
5.283e-06,2.48e-06,7.5e-06,5.07e-06,2.48e-06
5.245e-06,2.6e-06,7.34e-06,5.395e-06,2.6e-06
5.383e-06,2.3e-06,7.45e-06,5.595e-06,2.3e-06
5.832e-06,2.38e-06,8.32e-06,6.25e-06,3.1e-06
5.755e-06,2.73e-06,8e-06,5.965e-06,3.23e-06
5.366e-06,2.8e-06,7.46e-06,5.29e-06,2.8e-06
5.354e-06,2.58e-06,7.48e-06,5.455e-06,2.58e-06
5.43e-06,2.58e-06,7.71e-06,5.325e-06,2.58e-06
5.355e-06,2.58e-06,7.58e-06,5.375e-06,2.58e-06
5.337e-06,2.68e-06,7.67e-06,5.275e-06,2.68e-06
5.42e-06,2.74e-06,7.74e-06,5.34e-06,2.74e-06
5.44e-06,2.59e-06,7.65e-06,5.55e-06,2.59e-06
5.451e-06,2.62e-06,7.59e-06,5.62e-06,2.62e-06
5.214e-06,2.5e-06,7.35e-06,5.175e-06,2.5e-06
5.264e-06,2.64e-06,7.36e-06,5.065e-06,2.64e-06
5.347e-06,2.64e-06,7.68e-06,5.505e-06,2.64e-06
5.451e-06,2.71e-06,7.391e-06,5.635e-06,2.71e-06
5.63e-06,2.49e-06,7.96e-06,5.785e-06,3e-06
5.596e-06,2.76e-06,7.84e-06,5.671e-06,3.12e-06
5.34e-06,2.65e-06,7.56e-06,5.345e-06,2.65e-06
5.29e-06,2.77e-06,7.27e-06,5.205e-06,2.78e-06
5.292e-06,2.28e-06,7.35e-06,5.26e-06,2.28e-06
5.328e-06,2.02e-06,7.751e-06,5.235e-06,2.02e-06
5.486e-06,2.72e-06,7.581e-06,5.455e-06,2.72e-06
5.296e-06,2.43e-06,7.41e-06,5.43e-06,2.43e-06
5.636e-06,2.5e-06,7.88e-06,5.735e-06,3.05e-06
5.438e-06,2.71e-06,7.67e-06,5.51e-06,2.71e-06
5.557e-06,2.63e-06,7.8e-06,5.73e-06,2.9e-06
5.573e-06,2.51e-06,7.65e-06,5.74e-06,3.02e-06
5.326e-06,2.77e-06,7.36e-06,5.285e-06,2.8e-06
5.309e-06,2.23e-06,7.48e-06,5.395e-06,2.23e-06
5.629e-06,2.51e-06,7.65e-06,5.76e-06,3.15e-06
5.428e-06,2.75e-06,7.68e-06,5.621e-06,2.761e-06
5.466e-06,2.1e-06,7.69e-06,5.655e-06,2.1e-06
5.636e-06,2.76e-06,7.98e-06,5.81e-06,2.76e-06
5.632e-06,1.83e-06,8.03e-06,5.81e-06,1.83e-06
5.252e-06,2.511e-06,7.08e-06,5.32e-06,2.511e-06
5.361e-06,2.73e-06,7.54e-06,5.365e-06,2.73e-06
5.387e-06,2.56e-06,7.491e-06,5.5e-06,2.56e-06
5.402e-06,2.76e-06,7.57e-06,5.441e-06,2.76e-06
5.307e-06,2.5e-06,7.25e-06,5.39e-06,2.5e-06
5.379e-06,2.01e-06,7.64e-06,5.51e-06,2.01e-06
7.374e-06,2.06e-06,9.95e-06,8.025e-06,5.32e-06
5.456e-06,2.29e-06,7.7e-06,5.69e-06,2.29e-06
5.298e-06,2.801e-06,7.5e-06,5.21e-06,2.801e-06
5.406e-06,2.65e-06,7.531e-06,5.4e-06,2.97e-06
5.286e-06,2.44e-06,7.32e-06,5.32e-06,2.44e-06
5.687e-06,2.33e-06,1.012e-05,5.315e-06,2.33e-06
6.015e-06,2.18e-06,8.84e-06,6.335e-06,3.64e-06
5.365e-06,2.75e-06,7.65e-06,5.405e-06,2.75e-06
5.388e-06,2.57e-06,7.66e-06,5.35e-06,2.57e-06
5.373e-06,2.63e-06,7.63e-06,5.545e-06,2.63e-06
5.296e-06,2.31e-06,7.531e-06,5.2e-06,2.31e-06
5.352e-06,2.75e-06,7.37e-06,5.14e-06,2.84e-06
5.231e-06,2.52e-06,7.19e-06,5.19e-06,2.52e-06
5.853e-06,2.08e-06,8.07e-06,5.885e-06,3.51e-06
5.459e-06,2.64e-06,7.61e-06,5.595e-06,2.78e-06
5.404e-06,2.8e-06,7.56e-06,5.421e-06,3e-06
5.339e-06,2.72e-06,7.65e-06,5.37e-06,2.72e-06
5.288e-06,2.26e-06,7.63e-06,5.33e-06,2.26e-06
5.368e-06,2.63e-06,7.55e-06,5.36e-06,2.63e-06
5.734e-06,1.83e-06,7.95e-06,5.905e-06,1.83e-06
5.359e-06,2.65e-06,7.41e-06,5.2e-06,2.65e-06
5.406e-06,2.71e-06,7.65e-06,5.43e-06,2.71e-06
5.579e-06,2.57e-06,7.62e-06,5.655e-06,2.86e-06
5.245e-06,2.52e-06,7.58e-06,5.195e-06,2.52e-06
5.216e-06,2.48e-06,7.12e-06,4.96e-06,2.48e-06
5.391e-06,2.73e-06,7.321e-06,5.505e-06,2.82e-06
5.331e-06,2.36e-06,7.26e-06,5.535e-06,2.36e-06
5.343e-06,2.3e-06,7.43e-06,5.38e-06,2.3e-06
5.791e-06,2.93e-06,8.17e-06,5.911e-06,2.93e-06
5.363e-06,2.69e-06,7.31e-06,5.505e-06,2.69e-06
5.682e-06,2.52e-06,7.95e-06,5.96e-06,3.02e-06
5.759e-06,2.38e-06,8.45e-06,5.84e-06,3.19e-06
5.239e-06,2.47e-06,7.381e-06,5.425e-06,2.47e-06
5.302e-06,2.65e-06,7.37e-06,5.336e-06,2.65e-06
5.309e-06,2.37e-06,7.38e-06,5.51e-06,2.37e-06
5.683e-06,2.5e-06,7.94e-06,5.851e-06,3.091e-06
5.551e-06,2.731e-06,7.88e-06,5.715e-06,2.77e-06
5.343e-06,2.39e-06,7.5e-06,5.315e-06,2.39e-06
5.475e-06,2.77e-06,7.61e-06,5.27e-06,2.83e-06
5.331e-06,2.751e-06,7.32e-06,5.485e-06,2.751e-06
5.253e-06,2.54e-06,7.81e-06,5.445e-06,2.54e-06
5.364e-06,2.47e-06,7.61e-06,5.54e-06,2.47e-06
5.323e-06,2.66e-06,7.37e-06,5.351e-06,2.66e-06
5.361e-06,2.76e-06,7.6e-06,5.46e-06,2.76e-06
5.589e-06,2.71e-06,7.95e-06,5.64e-06,2.71e-06
5.196e-06,2.28e-06,7.49e-06,5.175e-06,2.28e-06
5.392e-06,2.69e-06,7.52e-06,5.32e-06,2.69e-06
5.629e-06,2.44e-06,8.021e-06,5.65e-06,3.13e-06
5.406e-06,2.61e-06,7.62e-06,5.42e-06,2.61e-06
5.248e-06,2.52e-06,7.15e-06,5.391e-06,2.52e-06
5.339e-06,2.52e-06,7.33e-06,5.355e-06,2.52e-06
5.337e-06,2.42e-06,7.37e-06,5.446e-06,2.42e-06
5.728e-06,2.671e-06,8.03e-06,5.775e-06,2.92e-06
5.343e-06,2.65e-06,7.29e-06,5.51e-06,2.83e-06
5.335e-06,2.31e-06,7.421e-06,5.445e-06,2.31e-06
5.195e-06,2.43e-06,7.29e-06,5.075e-06,2.43e-06
5.631e-06,2.4e-06,7.92e-06,5.83e-06,3.05e-06
5.59e-06,2.77e-06,8e-06,5.75e-06,2.77e-06
6.894e-06,1.66e-06,9.45e-06,7.445e-06,1.66e-06
5.585e-06,2.72e-06,7.89e-06,5.685e-06,2.98e-06
5.596e-06,2.51e-06,7.9e-06,5.815e-06,3.06e-06
5.521e-06,2.45e-06,7.691e-06,5.575e-06,2.45e-06
5.26e-06,2.32e-06,7.42e-06,5.1e-06,2.32e-06
5.39e-06,2.88e-06,7.6e-06,5.431e-06,2.88e-06
5.464e-06,2.71e-06,7.74e-06,5.405e-06,2.71e-06
5.605e-06,2.72e-06,7.67e-06,5.83e-06,2.72e-06
5.443e-06,2.79e-06,7.54e-06,5.45e-06,3e-06
5.411e-06,2.68e-06,7.67e-06,5.48e-06,2.68e-06
5.502e-06,2.71e-06,7.66e-06,5.51e-06,2.71e-06
5.259e-06,2.67e-06,7.55e-06,5.14e-06,2.67e-06
5.564e-06,2.35e-06,9.9e-06,5.45e-06,2.35e-06
5.835e-06,2.04e-06,8.67e-06,6.19e-06,3.42e-06
5.851e-06,2.27e-06,8.14e-06,6.055e-06,3.27e-06
5.689e-06,2.41e-06,7.89e-06,5.796e-06,3.13e-06
5.235e-06,2.51e-06,7.33e-06,5.35e-06,2.51e-06
5.47e-06,2.73e-06,7.54e-06,5.435e-06,2.93e-06
5.372e-06,2.72e-06,7.611e-06,5.46e-06,2.801e-06
5.487e-06,2.7e-06,7.52e-06,5.665e-06,2.97e-06
5.813e-06,2.33e-06,8.17e-06,6.045e-06,3.36e-06
5.339e-06,2.57e-06,7.64e-06,5.465e-06,2.57e-06
5.408e-06,2.491e-06,7.57e-06,5.49e-06,2.491e-06
5.211e-06,2.58e-06,7.38e-06,5.22e-06,2.58e-06
5.346e-06,2.52e-06,7.43e-06,5.591e-06,2.52e-06
5.528e-06,2.01e-06,7.621e-06,5.665e-06,2.01e-06
5.405e-06,2.7e-06,7.62e-06,5.305e-06,2.7e-06
5.309e-06,2.53e-06,7.49e-06,5.285e-06,2.53e-06
5.225e-06,2.25e-06,7.11e-06,5.265e-06,2.25e-06
5.389e-06,2.16e-06,7.56e-06,5.48e-06,2.16e-06
5.352e-06,2.64e-06,7.38e-06,5.27e-06,2.85e-06
5.498e-06,2.82e-06,7.73e-06,5.63e-06,2.82e-06
5.34e-06,2.63e-06,7.44e-06,5.42e-06,2.63e-06
5.865e-06,2.27e-06,8.22e-06,6.126e-06,3.42e-06
5.364e-06,2.63e-06,7.46e-06,5.45e-06,2.63e-06
5.319e-06,2.53e-06,7.44e-06,5.275e-06,2.53e-06
5.308e-06,2.33e-06,7.45e-06,5.315e-06,2.33e-06
5.406e-06,2.66e-06,7.79e-06,5.595e-06,2.66e-06
5.685e-06,2.45e-06,7.93e-06,5.925e-06,3.2e-06
7.1e-06,1.77e-06,9.91e-06,7.765e-06,1.77e-06
5.481e-06,2.91e-06,7.61e-06,5.585e-06,2.91e-06
5.672e-06,2.75e-06,8.03e-06,5.99e-06,2.89e-06
5.624e-06,2.73e-06,8.02e-06,5.805e-06,2.82e-06
5.242e-06,2.61e-06,7.61e-06,5.095e-06,2.61e-06
5.425e-06,2.72e-06,7.7e-06,5.39e-06,2.72e-06
5.642e-06,2.49e-06,8.05e-06,5.78e-06,3.01e-06
5.368e-06,2.6e-06,7.51e-06,5.415e-06,2.6e-06
5.462e-06,2.32e-06,7.601e-06,5.46e-06,2.32e-06
5.251e-06,2.77e-06,7.111e-06,5.135e-06,2.77e-06
5.356e-06,2.67e-06,7.45e-06,5.395e-06,2.67e-06
5.356e-06,2.67e-06,7.43e-06,5.175e-06,2.85e-06
5.399e-06,2.73e-06,7.66e-06,5.441e-06,2.73e-06
5.512e-06,2.65e-06,7.69e-06,5.55e-06,2.65e-06
5.309e-06,2.61e-06,7.24e-06,5.39e-06,2.61e-06
5.317e-06,2.52e-06,7.451e-06,5.305e-06,2.52e-06
5.401e-06,2.7e-06,7.76e-06,5.36e-06,2.7e-06
5.324e-06,2.59e-06,7.38e-06,5.39e-06,2.59e-06
5.32e-06,2.63e-06,7.56e-06,5.336e-06,2.63e-06
5.372e-06,2.69e-06,7.58e-06,5.37e-06,2.69e-06
5.352e-06,2.721e-06,7.67e-06,5.235e-06,2.721e-06
5.549e-06,2.57e-06,7.57e-06,5.645e-06,2.97e-06
5.348e-06,2.63e-06,7.54e-06,5.335e-06,2.63e-06
5.401e-06,2.76e-06,7.63e-06,5.535e-06,2.76e-06
5.636e-06,2.45e-06,7.91e-06,5.85e-06,3.091e-06
5.211e-06,2.66e-06,7.37e-06,5.281e-06,2.66e-06
5.447e-06,2.6e-06,7.39e-06,5.46e-06,2.6e-06
5.289e-06,2.67e-06,7.4e-06,5.235e-06,2.67e-06
5.415e-06,2.62e-06,7.66e-06,5.5e-06,2.62e-06
5.303e-06,2.5e-06,7.33e-06,5.44e-06,2.5e-06
5.359e-06,2.56e-06,7.491e-06,5.406e-06,2.56e-06
5.663e-06,2.52e-06,7.95e-06,5.785e-06,3.04e-06
5.446e-06,2.7e-06,7.74e-06,5.495e-06,2.7e-06
5.186e-06,2.2e-06,7.14e-06,5.31e-06,2.2e-06
5.625e-06,2.77e-06,8.02e-06,5.735e-06,2.89e-06
5.525e-06,2.52e-06,7.96e-06,5.73e-06,2.52e-06
5.311e-06,2.62e-06,7.47e-06,5.29e-06,2.62e-06
5.39e-06,2.67e-06,7.58e-06,5.565e-06,2.67e-06
5.292e-06,2.34e-06,7.57e-06,5.365e-06,2.34e-06
5.749e-06,2.3e-06,7.86e-06,6.071e-06,3.32e-06
5.504e-06,2.58e-06,8.18e-06,5.42e-06,3.41e-06
5.848e-06,2.11e-06,7.99e-06,6.14e-06,3.44e-06
5.287e-06,2.51e-06,7.48e-06,5.325e-06,2.51e-06
5.402e-06,2.78e-06,7.58e-06,5.49e-06,2.78e-06
5.471e-06,2.87e-06,7.73e-06,5.555e-06,2.87e-06
5.431e-06,2.49e-06,7.641e-06,5.46e-06,2.49e-06
5.324e-06,2.62e-06,7.37e-06,5.391e-06,2.62e-06
5.261e-06,2.47e-06,7.39e-06,5.205e-06,2.47e-06
5.223e-06,2.63e-06,7.27e-06,5.105e-06,2.87e-06
5.293e-06,2.48e-06,7.38e-06,5.345e-06,2.48e-06
5.646e-06,2.51e-06,7.95e-06,5.775e-06,3.1e-06
5.372e-06,2.71e-06,7.57e-06,5.45e-06,2.71e-06
5.442e-06,2.58e-06,7.741e-06,5.5e-06,2.9e-06
5.561e-06,2.75e-06,7.98e-06,5.546e-06,2.811e-06
5.135e-06,2.48e-06,7.12e-06,5.26e-06,2.48e-06
5.462e-06,1.96e-06,7.46e-06,5.67e-06,1.96e-06
5.365e-06,2.37e-06,7.58e-06,5.405e-06,2.37e-06
5.254e-06,2.411e-06,7.49e-06,5.141e-06,2.411e-06
5.402e-06,2.5e-06,7.59e-06,5.4e-06,2.5e-06
5.342e-06,2.58e-06,7.4e-06,5.38e-06,2.58e-06
5.458e-06,2.57e-06,7.92e-06,5.596e-06,3e-06
5.304e-06,2.47e-06,7.48e-06,5.33e-06,2.47e-06
5.32e-06,2.69e-06,7.32e-06,5.325e-06,2.69e-06
5.572e-06,2.6e-06,7.75e-06,5.63e-06,2.91e-06
5.791e-06,2.38e-06,7.93e-06,5.825e-06,3.3e-06
5.236e-06,2.65e-06,7.41e-06,5.255e-06,2.65e-06
5.739e-06,2.57e-06,9.73e-06,5.566e-06,2.57e-06
6.112e-06,1.991e-06,8.521e-06,6.621e-06,3.99e-06
5.56e-06,2.63e-06,7.93e-06,5.59e-06,2.63e-06
5.319e-06,2.08e-06,7.31e-06,5.505e-06,2.08e-06
5.407e-06,2.53e-06,7.66e-06,5.38e-06,2.53e-06
5.469e-06,2.73e-06,7.49e-06,5.525e-06,2.73e-06
5.614e-06,2.59e-06,7.92e-06,5.875e-06,2.59e-06
5.391e-06,2.74e-06,7.4e-06,5.35e-06,2.74e-06
5.346e-06,2.72e-06,7.63e-06,5.305e-06,2.72e-06
5.725e-06,2.65e-06,7.98e-06,5.965e-06,2.98e-06
5.372e-06,2.48e-06,7.49e-06,5.425e-06,2.48e-06
5.327e-06,2.42e-06,7.4e-06,5.35e-06,2.42e-06
5.341e-06,2.75e-06,7.55e-06,5.44e-06,2.75e-06
5.386e-06,2.67e-06,7.52e-06,5.39e-06,2.89e-06
5.226e-06,2.58e-06,7.61e-06,5.375e-06,2.98e-06
5.342e-06,2.71e-06,7.431e-06,5.346e-06,2.71e-06
5.32e-06,2.44e-06,7.42e-06,5.43e-06,2.44e-06
5.535e-06,2.651e-06,7.92e-06,5.76e-06,2.87e-06
5.308e-06,2.28e-06,7.28e-06,5.341e-06,2.28e-06
5.253e-06,2.53e-06,7.33e-06,5.335e-06,2.53e-06
5.344e-06,2.27e-06,7.38e-06,5.33e-06,2.27e-06
6.735e-06,3.08e-06,8.62e-06,7.5e-06,5.13e-06
5.738e-06,2.76e-06,8.071e-06,5.651e-06,2.95e-06
5.419e-06,2.63e-06,7.58e-06,5.515e-06,2.63e-06
5.539e-06,2.77e-06,7.78e-06,5.705e-06,2.9e-06
5.311e-06,2.61e-06,7.47e-06,5.24e-06,2.61e-06
5.249e-06,2.59e-06,7.62e-06,5.215e-06,2.59e-06
5.323e-06,2.69e-06,7.65e-06,5.34e-06,2.87e-06
5.415e-06,2.79e-06,7.65e-06,5.56e-06,2.791e-06
5.653e-06,2.78e-06,8.09e-06,5.85e-06,2.78e-06
5.435e-06,2.51e-06,7.84e-06,5.68e-06,2.51e-06
5.4e-06,2.74e-06,7.25e-06,5.675e-06,2.78e-06
5.736e-06,2.48e-06,8.06e-06,5.86e-06,3.201e-06
5.657e-06,2.77e-06,7.94e-06,5.845e-06,2.77e-06
5.417e-06,2.76e-06,7.35e-06,5.341e-06,2.76e-06
5.436e-06,1.97e-06,7.78e-06,5.33e-06,1.97e-06
5.434e-06,2.56e-06,7.69e-06,5.4e-06,2.56e-06
5.366e-06,2.45e-06,7.54e-06,5.225e-06,2.45e-06
6.155e-06,2.56e-06,1.3951e-05,5.54e-06,2.56e-06
6.513e-06,2.03e-06,1.022e-05,6.28e-06,2.03e-06
5.267e-06,2.58e-06,7.06e-06,5.215e-06,2.58e-06
5.734e-06,2.77e-06,7.87e-06,5.78e-06,2.77e-06
5.616e-06,2.52e-06,7.611e-06,5.77e-06,3.131e-06
5.263e-06,2.12e-06,7.21e-06,5.145e-06,2.12e-06
5.199e-06,2.32e-06,7.27e-06,5e-06,2.32e-06
5.255e-06,2.3e-06,7.31e-06,5.04e-06,2.3e-06
5.442e-06,2.15e-06,7.65e-06,5.36e-06,2.15e-06
5.088e-06,2.39e-06,6.97e-06,4.985e-06,2.39e-06
5.212e-06,2.46e-06,7.28e-06,5.185e-06,2.46e-06
5.311e-06,2.38e-06,7.27e-06,5.285e-06,2.38e-06
5.266e-06,2.6e-06,7.31e-06,5.015e-06,2.6e-06
5.164e-06,2.47e-06,7.18e-06,4.94e-06,2.47e-06
5.579e-06,2.74e-06,7.92e-06,5.616e-06,2.93e-06
5.536e-06,2.48e-06,7.74e-06,5.596e-06,2.48e-06
5.491e-06,2.6e-06,7.59e-06,5.6e-06,2.6e-06
5.206e-06,2.38e-06,7.26e-06,5.07e-06,2.38e-06
5.074e-06,2.48e-06,7.15e-06,4.935e-06,2.48e-06
5.135e-06,2.39e-06,7.25e-06,4.945e-06,2.39e-06
5.48e-06,2.8e-06,7.98e-06,5.52e-06,2.8e-06
5.049e-06,2.19e-06,7.03e-06,5.04e-06,2.19e-06
5.176e-06,2.37e-06,7.47e-06,5.066e-06,2.37e-06
5.537e-06,2.67e-06,7.84e-06,5.506e-06,2.67e-06
5.278e-06,2.51e-06,7.26e-06,5.23e-06,2.51e-06
5.184e-06,2.31e-06,7.08e-06,5.13e-06,2.31e-06
5.543e-06,2.39e-06,7.74e-06,5.6e-06,2.39e-06
5.248e-06,2.52e-06,7.45e-06,5.11e-06,2.52e-06
5.344e-06,2.46e-06,7.5e-06,5.42e-06,2.46e-06
5.379e-06,2.731e-06,7.48e-06,5.275e-06,2.731e-06
5.431e-06,2.79e-06,7.47e-06,5.43e-06,2.82e-06
5.251e-06,2.49e-06,7.44e-06,5.195e-06,2.49e-06
5.511e-06,2.35e-06,7.77e-06,5.556e-06,2.35e-06
5.281e-06,2.17e-06,7.21e-06,5.395e-06,2.17e-06
5.281e-06,2.53e-06,7.2e-06,5.14e-06,2.53e-06
5.817e-06,2.18e-06,8.391e-06,5.895e-06,3.45e-06
5.581e-06,2.52e-06,7.66e-06,5.591e-06,3.18e-06
5.639e-06,2.73e-06,7.79e-06,5.65e-06,2.73e-06
5.315e-06,2.05e-06,7.35e-06,5.205e-06,2.05e-06
5.326e-06,2.2e-06,7.33e-06,5.3e-06,2.2e-06
5.475e-06,2.56e-06,7.44e-06,5.575e-06,2.56e-06
5.187e-06,2.24e-06,7.31e-06,4.986e-06,2.24e-06
5.226e-06,2.39e-06,7.361e-06,5.085e-06,2.39e-06
5.564e-06,2.63e-06,7.69e-06,5.565e-06,2.63e-06
5.388e-06,2.73e-06,7.371e-06,5.255e-06,2.73e-06
5.289e-06,2.53e-06,7.36e-06,5.18e-06,2.53e-06
5.623e-06,2.9e-06,7.72e-06,5.725e-06,2.9e-06
5.443e-06,2.45e-06,7.69e-06,5.35e-06,2.45e-06
5.422e-06,2.83e-06,7.47e-06,5.315e-06,2.83e-06
5.154e-06,2.36e-06,7.17e-06,5.08e-06,2.36e-06
5.376e-06,2.81e-06,7.43e-06,5.381e-06,2.81e-06
5.364e-06,2.6e-06,7.391e-06,5.33e-06,2.6e-06
5.249e-06,2.45e-06,7.24e-06,5.185e-06,2.45e-06
5.292e-06,2.4e-06,7.32e-06,5.355e-06,2.4e-06
5.404e-06,2.56e-06,7.5e-06,5.335e-06,2.56e-06
5.441e-06,1.95e-06,7.651e-06,5.56e-06,1.95e-06
5.709e-06,2.54e-06,7.9e-06,5.855e-06,3.11e-06
5.392e-06,2.56e-06,7.39e-06,5.525e-06,2.56e-06
5.412e-06,2.72e-06,7.56e-06,5.385e-06,2.82e-06
5.283e-06,2.43e-06,7.16e-06,5.341e-06,2.43e-06
5.27e-06,2.21e-06,7.11e-06,5.22e-06,2.21e-06
5.454e-06,2.48e-06,7.87e-06,5.3e-06,2.48e-06
5.156e-06,2.191e-06,7.07e-06,5.22e-06,2.191e-06
5.477e-06,2.66e-06,7.71e-06,5.325e-06,2.66e-06
5.215e-06,2.5e-06,7.151e-06,5.085e-06,2.5e-06
5.198e-06,2.73e-06,7.3e-06,5.12e-06,2.73e-06
5.435e-06,2.56e-06,7.64e-06,5.47e-06,2.95e-06
5.313e-06,2.09e-06,7.27e-06,5.45e-06,2.09e-06
5.308e-06,2.7e-06,7.27e-06,5.26e-06,2.7e-06
5.343e-06,2.59e-06,7.46e-06,5.31e-06,2.59e-06
5.412e-06,2.13e-06,7.37e-06,5.87e-06,2.13e-06
5.622e-06,1.93e-06,7.91e-06,5.586e-06,1.93e-06
5.297e-06,2.66e-06,7.47e-06,5.255e-06,2.66e-06
5.457e-06,2.79e-06,7.87e-06,5.36e-06,2.79e-06
5.59e-06,2.61e-06,7.59e-06,5.65e-06,2.61e-06
5.563e-06,2.65e-06,7.52e-06,5.53e-06,2.65e-06
6.157e-06,2.1e-06,8.49e-06,6.495e-06,3.73e-06
5.411e-06,2.56e-06,7.34e-06,5.245e-06,2.56e-06
5.111e-06,2.62e-06,6.94e-06,5.311e-06,2.62e-06
5.513e-06,2.04e-06,7.57e-06,5.5e-06,2.04e-06
5.635e-06,2.42e-06,7.92e-06,5.825e-06,3.14e-06
5.247e-06,2.56e-06,7.3e-06,5.39e-06,2.56e-06
5.181e-06,2.32e-06,7.1e-06,5.09e-06,2.32e-06
5.268e-06,2.46e-06,7.18e-06,5.335e-06,2.46e-06
6.607e-06,1.97e-06,9.05e-06,6.97e-06,4.24e-06
5.153e-06,2.08e-06,7.46e-06,4.97e-06,2.08e-06
5.471e-06,2.56e-06,7.641e-06,5.51e-06,2.56e-06
7.937e-06,2.17e-06,1.2671e-05,7.865e-06,2.17e-06
5.237e-06,2.29e-06,7.12e-06,5.211e-06,2.29e-06
5.361e-06,2.15e-06,7.47e-06,5.555e-06,2.15e-06
5.643e-06,1.79e-06,7.8e-06,5.85e-06,1.79e-06
5.334e-06,2.64e-06,7.32e-06,5.115e-06,2.64e-06
5.602e-06,2.68e-06,7.66e-06,5.675e-06,2.94e-06
5.279e-06,2.41e-06,7.371e-06,5.215e-06,2.41e-06
5.282e-06,2.63e-06,7.241e-06,5.225e-06,2.63e-06
6.298e-06,1.98e-06,8.71e-06,6.535e-06,4.11e-06
5.734e-06,2.17e-06,7.94e-06,5.915e-06,3.3e-06
5.337e-06,2.15e-06,7.3e-06,5.63e-06,2.15e-06
5.732e-06,2.2e-06,8.23e-06,5.92e-06,2.2e-06
5.413e-06,2.64e-06,7.61e-06,5.445e-06,2.64e-06
5.397e-06,2.62e-06,7.691e-06,5.39e-06,2.62e-06
5.269e-06,2.21e-06,7.29e-06,5.33e-06,2.21e-06
5.394e-06,2.89e-06,7.4e-06,5.315e-06,2.89e-06
5.202e-06,2.03e-06,7.44e-06,5.001e-06,2.03e-06
5.712e-06,2.56e-06,8.02e-06,5.835e-06,3.04e-06
5.459e-06,2.73e-06,7.68e-06,5.555e-06,2.73e-06
5.336e-06,1.85e-06,7.32e-06,5.465e-06,1.85e-06
5.282e-06,2.16e-06,7.221e-06,5.18e-06,2.16e-06
6.046e-06,2.32e-06,8.251e-06,6.325e-06,3.42e-06
5.336e-06,2.12e-06,7.19e-06,5.38e-06,2.12e-06
5.294e-06,2.8e-06,7.19e-06,5.41e-06,2.8e-06
5.789e-06,2.68e-06,7.98e-06,6.06e-06,2.92e-06
5.375e-06,2.14e-06,7.54e-06,5.556e-06,2.14e-06
5.369e-06,2.26e-06,7.37e-06,5.55e-06,2.26e-06
5.589e-06,2.55e-06,7.86e-06,5.715e-06,2.55e-06
5.888e-06,2.58e-06,8.08e-06,6.245e-06,3.06e-06
5.655e-06,2.94e-06,7.73e-06,5.55e-06,3.33e-06
5.247e-06,2.2e-06,7.29e-06,5.405e-06,2.2e-06
5.228e-06,2.49e-06,7.01e-06,5.075e-06,2.49e-06
5.184e-06,2.52e-06,7.51e-06,5.09e-06,2.52e-06
5.276e-06,2.53e-06,7.44e-06,5.32e-06,2.53e-06
5.296e-06,2.44e-06,7.4e-06,5.41e-06,2.44e-06
5.448e-06,2.11e-06,7.541e-06,5.47e-06,2.11e-06
5.544e-06,2.761e-06,7.65e-06,5.575e-06,2.761e-06
5.426e-06,2.17e-06,7.47e-06,5.52e-06,2.17e-06
5.474e-06,2.23e-06,7.52e-06,5.565e-06,2.23e-06
5.343e-06,2.74e-06,7.341e-06,5.171e-06,2.74e-06
5.276e-06,2.36e-06,7.29e-06,5.22e-06,2.36e-06
5.28e-06,2.68e-06,7.45e-06,5.1e-06,2.68e-06
5.177e-06,2.24e-06,7.381e-06,5.03e-06,2.24e-06
5.434e-06,2.25e-06,7.37e-06,5.486e-06,2.25e-06
5.474e-06,2.47e-06,7.77e-06,5.48e-06,2.47e-06
5.365e-06,2.36e-06,7.25e-06,5.4e-06,2.36e-06
5.242e-06,2.63e-06,7.25e-06,5.156e-06,2.63e-06
5.528e-06,2.67e-06,7.82e-06,5.51e-06,2.67e-06
5.277e-06,2.42e-06,7.74e-06,5.27e-06,2.42e-06
5.275e-06,2.64e-06,7.23e-06,5.39e-06,2.64e-06
5.255e-06,2.24e-06,7.43e-06,5.275e-06,2.24e-06
5.485e-06,2.66e-06,7.65e-06,5.59e-06,2.66e-06
5.323e-06,2.56e-06,7.31e-06,5.401e-06,2.56e-06
5.379e-06,2.38e-06,7.31e-06,5.476e-06,2.38e-06
5.702e-06,2.61e-06,7.92e-06,5.615e-06,3.29e-06
5.209e-06,2.51e-06,7.24e-06,5.245e-06,2.51e-06
5.205e-06,2.16e-06,7.23e-06,4.985e-06,2.16e-06
5.298e-06,2.71e-06,7.251e-06,5.165e-06,2.71e-06
5.118e-06,2.31e-06,7.15e-06,4.89e-06,2.31e-06
5.282e-06,2.55e-06,7.43e-06,5.205e-06,2.55e-06
5.349e-06,2.66e-06,7.24e-06,5.215e-06,2.66e-06
5.192e-06,2.31e-06,7.14e-06,5.336e-06,2.31e-06
5.45e-06,2.09e-06,7.52e-06,5.305e-06,2.09e-06
5.495e-06,2.72e-06,7.54e-06,5.645e-06,2.72e-06
5.205e-06,2.54e-06,7.281e-06,5.04e-06,2.54e-06
5.3e-06,2.501e-06,7.24e-06,5.2e-06,2.501e-06
5.587e-06,2.82e-06,7.67e-06,5.47e-06,2.98e-06
5.266e-06,2.25e-06,7.12e-06,5.315e-06,2.25e-06
5.675e-06,2.67e-06,7.961e-06,5.695e-06,3e-06
5.192e-06,2.61e-06,7.29e-06,4.94e-06,2.61e-06
5.342e-06,1.97e-06,7.37e-06,5.301e-06,1.97e-06
5.295e-06,2e-06,7.39e-06,5.165e-06,2e-06
5.535e-06,2.81e-06,7.67e-06,5.5e-06,2.81e-06
5.332e-06,2.46e-06,7.4e-06,5.355e-06,2.46e-06
5.48e-06,2.53e-06,7.64e-06,5.765e-06,2.53e-06
5.591e-06,2.5e-06,7.681e-06,5.73e-06,2.5e-06
5.264e-06,2.32e-06,7.2e-06,5.12e-06,2.32e-06
5.367e-06,1.94e-06,7.42e-06,5.585e-06,1.94e-06
5.34e-06,2.22e-06,7.36e-06,5.26e-06,2.22e-06
5.461e-06,2.31e-06,7.481e-06,5.571e-06,2.31e-06
5.636e-06,2.81e-06,7.96e-06,5.715e-06,2.82e-06
5.442e-06,2.63e-06,7.43e-06,5.496e-06,2.63e-06
5.888e-06,2.46e-06,8.07e-06,6.15e-06,3.18e-06
5.181e-06,2.37e-06,7.19e-06,5.245e-06,2.37e-06
5.258e-06,2.29e-06,7.36e-06,5.27e-06,2.29e-06
5.336e-06,2.63e-06,7.35e-06,5.33e-06,2.63e-06
5.598e-06,2.6e-06,7.881e-06,5.73e-06,2.6e-06
5.243e-06,2.65e-06,7.21e-06,5.041e-06,2.65e-06
5.511e-06,2.09e-06,7.52e-06,5.481e-06,2.09e-06
5.216e-06,2.25e-06,7.14e-06,4.985e-06,2.25e-06
5.606e-06,2.25e-06,7.65e-06,5.755e-06,2.25e-06
5.203e-06,2.69e-06,7.48e-06,5.01e-06,2.69e-06
5.134e-06,2.09e-06,7.24e-06,5.045e-06,2.09e-06
5.487e-06,2.82e-06,7.72e-06,5.24e-06,2.82e-06
5.271e-06,2.61e-06,7.15e-06,5.235e-06,2.61e-06
5.404e-06,2.58e-06,7.54e-06,5.47e-06,2.58e-06
5.181e-06,2.46e-06,7.11e-06,5.02e-06,2.46e-06
5.5e-06,2.47e-06,7.76e-06,5.705e-06,2.47e-06
5.189e-06,2.301e-06,7.49e-06,4.91e-06,2.301e-06
5.261e-06,2.34e-06,7.61e-06,5.105e-06,2.34e-06
5.458e-06,2.72e-06,7.57e-06,5.45e-06,2.92e-06
5.428e-06,2.84e-06,7.32e-06,5.51e-06,2.84e-06
5.603e-06,2.74e-06,7.83e-06,5.8e-06,2.86e-06
5.23e-06,2.35e-06,7.23e-06,5.205e-06,2.35e-06
5.431e-06,1.92e-06,7.58e-06,5.41e-06,1.92e-06
5.26e-06,2.62e-06,7.15e-06,4.96e-06,2.62e-06
5.292e-06,2.48e-06,7.2e-06,5.295e-06,2.48e-06
5.121e-06,2.19e-06,6.87e-06,4.885e-06,2.19e-06
5.312e-06,2.58e-06,7.521e-06,5.12e-06,2.58e-06
5.288e-06,2.51e-06,7.39e-06,5.15e-06,2.51e-06
5.427e-06,2.72e-06,7.64e-06,5.505e-06,2.72e-06
5.355e-06,2.19e-06,7.3e-06,5.39e-06,2.19e-06
5.297e-06,2.27e-06,7.19e-06,5.135e-06,2.27e-06
5.366e-06,2.58e-06,7.39e-06,5.415e-06,2.58e-06
5.445e-06,2.14e-06,7.48e-06,5.445e-06,2.14e-06
5.242e-06,2.57e-06,7.54e-06,5.075e-06,2.57e-06
5.198e-06,2.34e-06,7.32e-06,5.055e-06,2.34e-06
5.506e-06,2.4e-06,7.69e-06,5.705e-06,2.4e-06
5.413e-06,2.18e-06,7.61e-06,5.365e-06,2.18e-06
5.514e-06,1.83e-06,7.47e-06,5.58e-06,1.83e-06
5.209e-06,2.49e-06,7.38e-06,4.975e-06,2.49e-06
5.466e-06,2.57e-06,7.85e-06,5.41e-06,2.57e-06
5.239e-06,2.39e-06,7.41e-06,5.325e-06,2.39e-06
5.415e-06,2.721e-06,7.411e-06,5.61e-06,2.721e-06
5.158e-06,2.38e-06,7.11e-06,5.1e-06,2.38e-06
5.283e-06,2.2e-06,7.19e-06,5.265e-06,2.2e-06
5.226e-06,2.39e-06,7.131e-06,5.22e-06,2.39e-06
5.362e-06,1.84e-06,7.36e-06,5.386e-06,1.84e-06
5.286e-06,2.6e-06,7.37e-06,5e-06,2.6e-06
5.165e-06,2.71e-06,7.37e-06,5.021e-06,2.71e-06
5.183e-06,2.4e-06,7.27e-06,5.13e-06,2.4e-06
5.26e-06,2.96e-06,7.26e-06,5.34e-06,2.96e-06
5.324e-06,2.74e-06,7.09e-06,5.24e-06,2.74e-06
5.339e-06,2.98e-06,7.3e-06,5.285e-06,2.99e-06
5.509e-06,2.72e-06,7.57e-06,5.581e-06,2.72e-06
5.316e-06,2.48e-06,7.52e-06,5.145e-06,2.48e-06
5.326e-06,2.25e-06,7.28e-06,5.235e-06,2.25e-06
5.414e-06,2.811e-06,7.561e-06,5.185e-06,2.84e-06
5.409e-06,2.73e-06,7.591e-06,5.45e-06,2.73e-06
5.271e-06,2.28e-06,7.26e-06,5.275e-06,2.28e-06
5.219e-06,2.05e-06,7.23e-06,5.195e-06,2.05e-06
5.143e-06,2.45e-06,6.97e-06,5.101e-06,2.45e-06
5.309e-06,2.52e-06,7.35e-06,5.315e-06,2.52e-06
5.373e-06,2.68e-06,7.51e-06,5.35e-06,2.68e-06
5.299e-06,2.17e-06,7.37e-06,5.345e-06,2.17e-06
5.494e-06,2.73e-06,7.55e-06,5.63e-06,2.73e-06
5.184e-06,2.21e-06,7.19e-06,5.05e-06,2.21e-06
5.201e-06,2.27e-06,7.16e-06,5.046e-06,2.27e-06
5.16e-06,2.581e-06,7.031e-06,4.825e-06,2.581e-06
5.538e-06,2.85e-06,7.56e-06,5.63e-06,2.94e-06
5.182e-06,2.43e-06,6.92e-06,4.985e-06,2.43e-06
5.355e-06,2.46e-06,7.19e-06,5.46e-06,2.46e-06
5.335e-06,2.511e-06,7.24e-06,5.275e-06,2.511e-06
5.301e-06,2.26e-06,7.33e-06,5.34e-06,2.26e-06
5.182e-06,2.22e-06,7.33e-06,5.05e-06,2.22e-06
5.143e-06,2.65e-06,7.28e-06,4.885e-06,2.65e-06
5.365e-06,2.6e-06,7.55e-06,5.365e-06,2.6e-06
5.693e-06,2.58e-06,7.76e-06,5.845e-06,3.1e-06
5.52e-06,2.31e-06,7.71e-06,5.695e-06,2.31e-06
5.339e-06,2.38e-06,7.24e-06,5.275e-06,2.38e-06
5.306e-06,2.5e-06,7.641e-06,5.28e-06,2.5e-06
5.313e-06,2.63e-06,7.22e-06,5.3e-06,2.63e-06
5.428e-06,1.9e-06,7.49e-06,5.605e-06,1.9e-06
5.577e-06,2.43e-06,7.83e-06,5.625e-06,2.43e-06
5.182e-06,2.67e-06,7.62e-06,4.98e-06,2.67e-06
5.246e-06,2.56e-06,7.24e-06,5.28e-06,2.56e-06
5.218e-06,2.5e-06,7.17e-06,5.14e-06,2.5e-06
5.323e-06,2.63e-06,7.57e-06,5.12e-06,2.63e-06
5.334e-06,2.56e-06,7.31e-06,5.26e-06,2.56e-06
5.58e-06,2.6e-06,7.64e-06,5.625e-06,2.94e-06
5.714e-06,2.45e-06,8.05e-06,5.785e-06,3.12e-06
5.243e-06,2.57e-06,7.46e-06,4.965e-06,2.57e-06
5.308e-06,2.4e-06,7.45e-06,5.28e-06,2.4e-06
5.609e-06,2.78e-06,7.66e-06,5.72e-06,2.78e-06
5.226e-06,2.27e-06,7.46e-06,5.175e-06,2.27e-06
7.935e-06,2.2e-06,2.775e-05,5.065e-06,2.2e-06
6.288e-06,2.32e-06,1.049e-05,6.18e-06,3.41e-06
5.541e-06,2.71e-06,7.53e-06,5.59e-06,2.92e-06
5.266e-06,1.92e-06,7.43e-06,5.1e-06,1.92e-06
5.473e-06,2.47e-06,7.82e-06,5.405e-06,2.47e-06
5.229e-06,2.41e-06,7.31e-06,5.045e-06,2.41e-06
5.521e-06,2.74e-06,7.57e-06,5.63e-06,2.88e-06
5.777e-06,2.76e-06,7.94e-06,6.04e-06,2.95e-06
5.209e-06,2.47e-06,7.32e-06,5.135e-06,2.47e-06
5.276e-06,1.92e-06,7.43e-06,5.115e-06,1.92e-06
5.315e-06,2.57e-06,7.32e-06,5.23e-06,2.57e-06
5.306e-06,2.16e-06,7.2e-06,5.34e-06,2.16e-06
5.268e-06,2.73e-06,7.28e-06,5.12e-06,2.73e-06
5.415e-06,2.74e-06,7.43e-06,5.445e-06,2.74e-06
5.22e-06,2.53e-06,7.2e-06,4.845e-06,2.53e-06
5.437e-06,2.41e-06,7.55e-06,5.61e-06,2.41e-06
5.43e-06,2.24e-06,7.53e-06,5.505e-06,2.24e-06
5.493e-06,2.15e-06,7.94e-06,5.531e-06,2.15e-06
5.557e-06,2.59e-06,7.72e-06,5.75e-06,2.59e-06
5.188e-06,2.42e-06,7.23e-06,5.105e-06,2.42e-06
5.05e-06,2.2e-06,7.19e-06,4.81e-06,2.2e-06
5.301e-06,2.171e-06,7.45e-06,5.28e-06,2.171e-06
5.501e-06,2.72e-06,7.571e-06,5.695e-06,2.72e-06
5.241e-06,2.32e-06,7.23e-06,5.155e-06,2.32e-06
5.551e-06,2.87e-06,7.94e-06,5.495e-06,2.87e-06
5.294e-06,2.59e-06,7.45e-06,5.42e-06,2.59e-06
5.416e-06,2.72e-06,7.64e-06,5.395e-06,2.74e-06
5.444e-06,2.69e-06,7.61e-06,5.56e-06,2.69e-06
5.203e-06,2.04e-06,7.22e-06,5.21e-06,2.04e-06
5.556e-06,2.66e-06,7.6e-06,5.621e-06,2.84e-06
5.404e-06,2.67e-06,7.59e-06,5.45e-06,2.67e-06
5.219e-06,2.35e-06,7.2e-06,5.125e-06,2.35e-06
5.609e-06,2.58e-06,7.84e-06,5.705e-06,2.93e-06
5.137e-06,2.3e-06,6.91e-06,5.03e-06,2.3e-06
5.631e-06,2.84e-06,7.97e-06,5.64e-06,2.84e-06
5.202e-06,2.57e-06,7.191e-06,5.225e-06,2.57e-06
5.125e-06,2.32e-06,7.04e-06,5.18e-06,2.32e-06
5.333e-06,1.94e-06,7.35e-06,5.275e-06,1.94e-06
5.326e-06,1.94e-06,7.3e-06,5.501e-06,1.94e-06
5.71e-06,2.64e-06,7.85e-06,5.94e-06,2.95e-06
5.246e-06,2.41e-06,7.38e-06,5.255e-06,2.41e-06
5.195e-06,2.24e-06,7.33e-06,5.055e-06,2.24e-06
5.274e-06,2.32e-06,7.621e-06,5.046e-06,2.32e-06
5.297e-06,1.99e-06,7.28e-06,5.325e-06,1.99e-06
5.102e-06,2.41e-06,6.9e-06,5.025e-06,2.41e-06
5.232e-06,2.72e-06,7.2e-06,5.075e-06,2.72e-06
5.453e-06,2.371e-06,7.49e-06,5.46e-06,2.371e-06
5.164e-06,2.38e-06,7.01e-06,5.21e-06,2.38e-06
5.755e-06,2.31e-06,7.97e-06,6.04e-06,3.21e-06
5.198e-06,2.28e-06,7.27e-06,5.27e-06,2.28e-06
5.365e-06,2.641e-06,7.26e-06,5.37e-06,2.641e-06
5.379e-06,2.07e-06,7.35e-06,5.42e-06,2.07e-06
5.354e-06,2.47e-06,7.46e-06,5.38e-06,2.47e-06
5.209e-06,2.5e-06,7.2e-06,5.265e-06,2.5e-06
5.313e-06,2.69e-06,7.36e-06,5.3e-06,2.69e-06
5.26e-06,2.27e-06,7.31e-06,5.395e-06,2.27e-06
5.602e-06,2.37e-06,7.73e-06,5.705e-06,3.15e-06
5.139e-06,2.36e-06,7.151e-06,5.075e-06,2.36e-06
5.57e-06,2.62e-06,7.61e-06,5.745e-06,3.01e-06
5.317e-06,2.41e-06,7.36e-06,5.35e-06,2.41e-06
5.227e-06,2.43e-06,7.16e-06,5.24e-06,2.43e-06
5.469e-06,2.72e-06,7.76e-06,5.486e-06,2.72e-06
5.283e-06,2.33e-06,7.251e-06,5.35e-06,2.33e-06
5.231e-06,2.32e-06,7.32e-06,5.116e-06,2.32e-06
5.314e-06,2.58e-06,7.39e-06,5.24e-06,2.58e-06
5.275e-06,2.08e-06,7.23e-06,5.295e-06,2.08e-06
5.28e-06,2.5e-06,7.27e-06,5.18e-06,2.5e-06
5.362e-06,2.66e-06,7.44e-06,5.37e-06,2.66e-06
5.242e-06,1.94e-06,7.23e-06,5.3e-06,1.94e-06
5.473e-06,2.66e-06,7.63e-06,5.53e-06,2.66e-06
5.151e-06,2.2e-06,7e-06,5.111e-06,2.2e-06
5.32e-06,2.011e-06,7.44e-06,5.275e-06,2.011e-06
5.195e-06,2.22e-06,7.32e-06,4.99e-06,2.22e-06
5.181e-06,2.64e-06,7.06e-06,5.185e-06,2.64e-06
5.635e-06,2.6e-06,7.76e-06,5.845e-06,2.96e-06
7.7824e-05,3.95e-06,8.7881e-05,8.5932e-05,8.2922e-05
6.056e-06,2.62e-06,8.44e-06,6.435e-06,3.19e-06
5.374e-06,2.121e-06,7.35e-06,5.36e-06,2.121e-06
5.382e-06,2.2e-06,7.26e-06,5.386e-06,2.2e-06
5.275e-06,2.49e-06,7.51e-06,4.97e-06,2.49e-06
5.132e-06,2.33e-06,7.16e-06,5.065e-06,2.33e-06
5.11e-06,2.35e-06,6.91e-06,5.035e-06,2.35e-06
5.533e-06,2.72e-06,7.66e-06,5.706e-06,2.72e-06
5.513e-06,2.66e-06,7.6e-06,5.555e-06,2.66e-06
5.282e-06,2.53e-06,7.09e-06,5.165e-06,2.53e-06
5.231e-06,2.04e-06,7.17e-06,5.046e-06,2.04e-06
5.296e-06,2.52e-06,7.25e-06,5.18e-06,2.52e-06
5.228e-06,2.51e-06,7.23e-06,5.18e-06,2.51e-06
5.098e-06,2.23e-06,7.161e-06,4.915e-06,2.23e-06
5.191e-06,2.24e-06,7.08e-06,5.015e-06,2.24e-06
5.174e-06,2.37e-06,7.03e-06,4.955e-06,2.37e-06
5.354e-06,2.41e-06,7.38e-06,5.436e-06,2.41e-06
5.156e-06,2.43e-06,7.16e-06,5.296e-06,2.43e-06
5.53e-06,2.87e-06,7.56e-06,5.665e-06,2.87e-06
5.438e-06,2.33e-06,7.48e-06,5.54e-06,2.33e-06
5.199e-06,2.32e-06,7.321e-06,5.09e-06,2.32e-06
5.365e-06,2.55e-06,7.56e-06,5.415e-06,2.55e-06
5.223e-06,1.93e-06,7.23e-06,5.23e-06,1.93e-06
5.277e-06,2.531e-06,7.11e-06,5.19e-06,2.531e-06
5.29e-06,2.42e-06,7.65e-06,5.605e-06,3.1e-06
5.559e-06,2.551e-06,7.74e-06,5.71e-06,2.94e-06
5.132e-06,2.24e-06,7.11e-06,5.035e-06,2.24e-06
5.279e-06,2.58e-06,7.19e-06,5.245e-06,2.58e-06
5.252e-06,2.28e-06,7.2e-06,5.25e-06,2.28e-06
5.432e-06,2.71e-06,7.55e-06,5.55e-06,2.82e-06
5.246e-06,2.18e-06,7.32e-06,5.2e-06,2.18e-06
5.342e-06,2.62e-06,7.27e-06,5.32e-06,2.62e-06
5.429e-06,2.23e-06,7.56e-06,5.41e-06,2.23e-06
5.228e-06,2.52e-06,7.32e-06,5.11e-06,2.52e-06
5.24e-06,2.31e-06,7.29e-06,5.16e-06,2.31e-06
5.382e-06,1.95e-06,7.341e-06,5.45e-06,1.95e-06
5.199e-06,2.55e-06,7.29e-06,4.94e-06,2.55e-06
5.386e-06,2.82e-06,7.39e-06,5.395e-06,2.82e-06
5.449e-06,2.57e-06,8.05e-06,5.27e-06,2.57e-06
5.272e-06,2.8e-06,7.451e-06,5.391e-06,2.95e-06
5.098e-06,2.38e-06,7.14e-06,4.935e-06,2.38e-06
5.211e-06,2.59e-06,7.04e-06,5.105e-06,2.59e-06
5.374e-06,2.83e-06,7.31e-06,5.3e-06,2.84e-06
5.258e-06,2.6e-06,7.28e-06,5.165e-06,2.6e-06
5.441e-06,2.691e-06,7.59e-06,5.405e-06,2.691e-06
5.532e-06,3.07e-06,7.67e-06,5.535e-06,3.07e-06
5.577e-06,2.51e-06,7.75e-06,5.605e-06,2.9e-06
1.3071e-05,1.85e-06,1.72e-05,1.5255e-05,1.85e-06
5.524e-06,1.8e-06,7.56e-06,5.57e-06,1.8e-06
5.204e-06,2.28e-06,7.141e-06,5.325e-06,2.28e-06
5.818e-06,2.16e-06,8.11e-06,5.94e-06,3.36e-06
5.355e-06,2.79e-06,7.36e-06,5.175e-06,2.94e-06
5.287e-06,2.05e-06,7.48e-06,5.39e-06,2.05e-06
5.308e-06,2.47e-06,7.43e-06,5.04e-06,2.47e-06
5.246e-06,2.09e-06,7.33e-06,5.21e-06,2.09e-06
5.258e-06,2.41e-06,7.31e-06,5.235e-06,2.41e-06
5.247e-06,1.99e-06,7.4e-06,5.215e-06,1.99e-06
5.39e-06,2.78e-06,7.42e-06,5.29e-06,2.97e-06
5.228e-06,2.5e-06,7.28e-06,5.28e-06,2.5e-06
5.471e-06,2.34e-06,7.57e-06,5.56e-06,2.34e-06
5.55e-06,2.64e-06,7.85e-06,5.57e-06,2.64e-06
5.274e-06,2.56e-06,7.37e-06,5.145e-06,2.56e-06
5.237e-06,2.22e-06,7.24e-06,5.16e-06,2.22e-06
8.692e-06,3.2e-06,1.089e-05,9.095e-06,7.16e-06
5.058e-06,2.02e-06,6.7e-06,4.806e-06,2.02e-06
5.435e-06,2.75e-06,7.67e-06,5.29e-06,2.75e-06
5.164e-06,2.42e-06,7.19e-06,5.1e-06,2.42e-06
5.317e-06,2.06e-06,7.35e-06,5.36e-06,2.06e-06
5.138e-06,2.31e-06,7.3e-06,5.045e-06,2.31e-06
5.163e-06,2.38e-06,7.14e-06,4.97e-06,2.38e-06
5.138e-06,2.55e-06,7.07e-06,4.995e-06,2.55e-06
5.42e-06,2.64e-06,7.401e-06,5.51e-06,2.64e-06
5.263e-06,1.99e-06,7.46e-06,5.055e-06,1.99e-06
5.239e-06,2.29e-06,7.48e-06,5.145e-06,2.29e-06
5.346e-06,2.59e-06,7.4e-06,5.295e-06,2.59e-06
5.258e-06,2.46e-06,7.27e-06,5.285e-06,2.46e-06
5.573e-06,2.77e-06,7.98e-06,5.705e-06,2.77e-06
5.164e-06,2.4e-06,7.44e-06,5.025e-06,2.4e-06
5.152e-06,2.2e-06,7.27e-06,5.015e-06,2.2e-06
5.474e-06,2.64e-06,7.42e-06,5.515e-06,2.84e-06
5.242e-06,2.42e-06,7.28e-06,5.28e-06,2.42e-06
5.158e-06,2.25e-06,7.25e-06,5.2e-06,2.25e-06
5.551e-06,2.61e-06,7.85e-06,5.62e-06,2.91e-06
5.22e-06,2.45e-06,7.21e-06,5.125e-06,2.45e-06
5.281e-06,2.46e-06,7.28e-06,5.27e-06,2.46e-06
5.237e-06,2.37e-06,7.14e-06,5.16e-06,2.37e-06
5.131e-06,2.58e-06,7.06e-06,4.86e-06,2.58e-06
5.328e-06,2.06e-06,7.37e-06,5.2e-06,2.06e-06
5.169e-06,2.81e-06,7e-06,5.005e-06,2.81e-06
5.229e-06,2.451e-06,7.36e-06,5.225e-06,2.451e-06
5.063e-06,2.26e-06,7.1e-06,4.885e-06,2.26e-06
5.302e-06,2.42e-06,7.21e-06,5.275e-06,2.42e-06
5.101e-06,2.46e-06,7.15e-06,4.905e-06,2.46e-06
5.393e-06,2.17e-06,7.441e-06,5.42e-06,2.17e-06
5.27e-06,2.42e-06,7.57e-06,5.16e-06,2.42e-06
5.196e-06,2.41e-06,7.27e-06,5.23e-06,2.41e-06
5.467e-06,2.5e-06,7.53e-06,5.575e-06,2.5e-06
5.236e-06,2.24e-06,7.46e-06,5.13e-06,2.24e-06
5.214e-06,2.81e-06,7.19e-06,5.185e-06,2.81e-06
5.249e-06,2.61e-06,7.24e-06,5.125e-06,2.61e-06
5.409e-06,2.43e-06,7.55e-06,5.405e-06,2.43e-06
5.466e-06,2.7e-06,7.701e-06,5.585e-06,2.7e-06
5.247e-06,2.41e-06,7.32e-06,5.06e-06,2.41e-06
5.254e-06,2.71e-06,7.31e-06,5.165e-06,2.78e-06
5.19e-06,2.35e-06,7.17e-06,5.205e-06,2.35e-06
5.237e-06,2.47e-06,7.31e-06,5.186e-06,2.47e-06
5.056e-06,2.22e-06,7.07e-06,5.045e-06,2.22e-06
5.351e-06,2.13e-06,7.6e-06,5.39e-06,2.13e-06
5.213e-06,2.43e-06,7.27e-06,5.115e-06,2.43e-06
5.247e-06,2.14e-06,7.12e-06,5.275e-06,2.14e-06
5.248e-06,2.281e-06,7.29e-06,5.085e-06,2.281e-06
5.556e-06,1.91e-06,7.73e-06,5.715e-06,1.91e-06
5.307e-06,2.85e-06,7.46e-06,5.2e-06,2.85e-06
5.279e-06,1.85e-06,7.37e-06,5.215e-06,1.85e-06
5.266e-06,2.54e-06,7.22e-06,5.1e-06,2.54e-06
5.253e-06,2.26e-06,7.07e-06,5.4e-06,2.26e-06
5.456e-06,2.54e-06,7.681e-06,5.445e-06,2.54e-06
5.368e-06,2.51e-06,7.34e-06,5.495e-06,2.51e-06
5.446e-06,2.7e-06,7.55e-06,5.475e-06,2.7e-06
5.333e-06,2.18e-06,7.21e-06,5.425e-06,2.18e-06
5.167e-06,2.01e-06,6.91e-06,5.076e-06,2.01e-06
5.096e-06,2.48e-06,7.06e-06,4.77e-06,2.48e-06
5.189e-06,2.36e-06,7.19e-06,5.105e-06,2.36e-06
5.373e-06,2.79e-06,7.42e-06,5.31e-06,2.79e-06
5.227e-06,2.25e-06,7.16e-06,5.44e-06,2.25e-06
5.449e-06,2.36e-06,7.5e-06,5.495e-06,2.36e-06
5.214e-06,2.44e-06,7.33e-06,5.07e-06,2.44e-06
5.266e-06,2.61e-06,7.32e-06,5.21e-06,2.61e-06
5.198e-06,2.4e-06,7.25e-06,5.155e-06,2.4e-06
5.136e-06,2.21e-06,7.18e-06,4.995e-06,2.21e-06
5.381e-06,2.51e-06,7.52e-06,5.256e-06,2.51e-06
5.214e-06,2.331e-06,7.19e-06,5.07e-06,2.331e-06
5.501e-06,1.81e-06,7.56e-06,5.6e-06,1.81e-06
5.206e-06,2.44e-06,7.16e-06,5.07e-06,2.44e-06
5.115e-06,2.25e-06,7.14e-06,5e-06,2.25e-06
5.295e-06,2.32e-06,7.36e-06,5.145e-06,2.32e-06
5.386e-06,2.96e-06,7.52e-06,5.23e-06,2.96e-06
5.23e-06,2.57e-06,7.201e-06,4.956e-06,2.57e-06
5.418e-06,1.91e-06,7.28e-06,5.445e-06,1.91e-06
5.34e-06,2.75e-06,7.28e-06,5.27e-06,2.75e-06
5.37e-06,2.22e-06,7.46e-06,5.48e-06,2.22e-06
5.236e-06,2.15e-06,7.43e-06,4.87e-06,2.15e-06
5.382e-06,1.83e-06,7.28e-06,5.625e-06,1.83e-06
5.12e-06,2.8e-06,7.46e-06,5.495e-06,2.8e-06
5.574e-06,2.78e-06,7.89e-06,5.555e-06,2.8e-06
5.289e-06,2.13e-06,7.41e-06,5.375e-06,2.13e-06
5.349e-06,2.69e-06,7.32e-06,5.425e-06,2.69e-06
5.24e-06,2.37e-06,7.2e-06,5.22e-06,2.37e-06
5.287e-06,2.53e-06,7.43e-06,5.19e-06,2.53e-06
5.269e-06,2.05e-06,7.32e-06,5.165e-06,2.05e-06
5.322e-06,2.69e-06,7.41e-06,5.26e-06,2.69e-06
5.706e-06,2.6e-06,7.88e-06,5.771e-06,2.97e-06
5.191e-06,2.431e-06,7.65e-06,4.845e-06,2.431e-06
5.147e-06,2.44e-06,7.04e-06,5.3e-06,2.44e-06
5.156e-06,2.33e-06,7.18e-06,5.07e-06,2.33e-06
5.331e-06,2.55e-06,7.37e-06,5.455e-06,2.55e-06
5.175e-06,2.29e-06,7.17e-06,5.1e-06,2.29e-06
1.5809e-05,2.06e-06,2.061e-05,1.857e-05,1.571e-05
5.136e-06,2e-06,7.11e-06,4.925e-06,2e-06
5.57e-06,2.5e-06,7.57e-06,5.61e-06,2.5e-06
5.182e-06,2.12e-06,7.09e-06,5.045e-06,2.12e-06
5.212e-06,2.03e-06,7.43e-06,5.05e-06,2.03e-06
5.205e-06,1.97e-06,7.11e-06,5.17e-06,1.97e-06
5.209e-06,2.52e-06,7.44e-06,4.9e-06,2.52e-06
5.155e-06,2.29e-06,7.24e-06,5.185e-06,2.29e-06
5.16e-06,1.96e-06,7.05e-06,5.095e-06,1.96e-06
5.244e-06,2.4e-06,7.18e-06,5.21e-06,2.4e-06
5.224e-06,2.24e-06,7.13e-06,5.245e-06,2.24e-06
5.313e-06,2.59e-06,7.36e-06,5.326e-06,2.59e-06
5.316e-06,2.51e-06,7.42e-06,5.31e-06,2.51e-06
5.282e-06,1.98e-06,7.39e-06,5.41e-06,1.98e-06
5.183e-06,2.25e-06,7.22e-06,5.03e-06,2.25e-06
5.539e-06,2.741e-06,7.79e-06,5.645e-06,2.741e-06
5.172e-06,2.54e-06,7.16e-06,5.12e-06,2.54e-06
5.089e-06,2.24e-06,7.23e-06,4.97e-06,2.24e-06
5.328e-06,2.48e-06,7.34e-06,5.33e-06,2.48e-06
5.469e-06,2.64e-06,7.69e-06,5.655e-06,2.64e-06
6.401e-06,1.76e-06,9.03e-06,6.83e-06,1.76e-06
5.422e-06,2.69e-06,7.47e-06,5.48e-06,2.69e-06
5.294e-06,2.69e-06,7.45e-06,5.235e-06,2.69e-06
5.378e-06,2.24e-06,7.3e-06,5.445e-06,2.24e-06
5.36e-06,2.46e-06,7.28e-06,5.35e-06,2.46e-06
5.621e-06,1.76e-06,7.551e-06,5.685e-06,1.76e-06
5.483e-06,2.82e-06,7.5e-06,5.471e-06,2.96e-06
5.286e-06,2.22e-06,7.55e-06,5.28e-06,2.22e-06
5.377e-06,2.39e-06,1.074e-05,4.73e-06,2.39e-06
6.319e-06,2.001e-06,9.571e-06,6.455e-06,3.84e-06
5.198e-06,2.34e-06,7.101e-06,5.245e-06,2.34e-06
5.201e-06,2.16e-06,7.18e-06,5.18e-06,2.16e-06
5.412e-06,2.61e-06,7.541e-06,5.435e-06,2.84e-06
5.289e-06,2.33e-06,7.14e-06,5.32e-06,2.33e-06
5.346e-06,2.59e-06,7.41e-06,5.35e-06,2.59e-06
5.383e-06,2.64e-06,7.4e-06,5.435e-06,2.64e-06
5.453e-06,1.82e-06,7.73e-06,5.43e-06,1.82e-06
5.119e-06,2.31e-06,7.21e-06,5.06e-06,2.31e-06
5.389e-06,2.64e-06,7.49e-06,5.345e-06,2.64e-06
5.389e-06,2.15e-06,7.8e-06,5.311e-06,2.15e-06
5.184e-06,2.75e-06,7.15e-06,5.105e-06,2.75e-06
5.231e-06,2.09e-06,7.36e-06,5.37e-06,2.09e-06
5.113e-06,2.51e-06,6.99e-06,5.025e-06,2.51e-06
5.125e-06,2.23e-06,7.12e-06,5.18e-06,2.23e-06
5.036e-06,2.431e-06,6.97e-06,4.735e-06,2.431e-06
5.562e-06,2.77e-06,7.73e-06,5.645e-06,2.78e-06
5.225e-06,2.59e-06,7.17e-06,5.181e-06,2.59e-06
5.287e-06,2.1e-06,7.211e-06,5.505e-06,2.1e-06
5.193e-06,2.09e-06,7.13e-06,5.115e-06,2.09e-06
5.255e-06,2.47e-06,7.32e-06,5.095e-06,2.47e-06
5.288e-06,2.42e-06,7.35e-06,5.33e-06,2.42e-06
5.324e-06,1.83e-06,7.15e-06,5.425e-06,1.83e-06
5.223e-06,2.55e-06,7.28e-06,5.135e-06,2.55e-06
5.467e-06,2.7e-06,7.61e-06,5.645e-06,2.7e-06
5.247e-06,2.32e-06,7.2e-06,5.235e-06,2.32e-06
5.316e-06,2.21e-06,7.35e-06,5.285e-06,2.21e-06
5.058e-06,2.2e-06,7.02e-06,4.96e-06,2.2e-06
5.261e-06,1.95e-06,7.6e-06,5.091e-06,1.95e-06
5.329e-06,2.5e-06,7.45e-06,5.245e-06,2.5e-06
5.12e-06,1.93e-06,6.961e-06,5.035e-06,1.93e-06
5.296e-06,2.42e-06,7.4e-06,5.25e-06,2.42e-06
5.161e-06,2.41e-06,7.14e-06,4.965e-06,2.41e-06
5.234e-06,2.41e-06,7.171e-06,5.43e-06,2.41e-06
5.491e-06,2.52e-06,7.53e-06,5.665e-06,2.52e-06
5.135e-06,2.37e-06,7.11e-06,4.915e-06,2.37e-06
5.06e-06,2.281e-06,6.91e-06,4.89e-06,2.281e-06
5.288e-06,2.54e-06,7.42e-06,5.185e-06,2.54e-06
5.148e-06,2.4e-06,7.23e-06,5.07e-06,2.4e-06
5.199e-06,2.7e-06,7.24e-06,5.19e-06,2.7e-06
5.333e-06,2.43e-06,7.641e-06,5.345e-06,2.43e-06
5.099e-06,2.34e-06,7.13e-06,4.88e-06,2.34e-06
5.399e-06,2.63e-06,7.46e-06,5.451e-06,2.63e-06
5.369e-06,2.72e-06,7.56e-06,5.45e-06,2.72e-06
5.289e-06,2.4e-06,7.34e-06,5.305e-06,2.4e-06
5.208e-06,2.51e-06,7.091e-06,5.125e-06,2.51e-06
5.539e-06,2.38e-06,7.48e-06,5.685e-06,2.38e-06
5.272e-06,2.32e-06,7.44e-06,5.185e-06,2.32e-06
5.173e-06,2.5e-06,7.191e-06,5.12e-06,2.5e-06
5.279e-06,2.61e-06,7.31e-06,5.26e-06,2.61e-06
5.179e-06,2.45e-06,7.34e-06,4.965e-06,2.45e-06
5.232e-06,2.34e-06,7.17e-06,5.22e-06,2.34e-06
5.362e-06,2.02e-06,7.53e-06,5.29e-06,2.02e-06
5.393e-06,2.74e-06,7.36e-06,5.431e-06,2.74e-06
5.334e-06,1.94e-06,7.31e-06,5.475e-06,1.94e-06
5.478e-06,2.36e-06,7.67e-06,5.775e-06,2.36e-06
5.678e-06,2.6e-06,7.891e-06,5.775e-06,3.04e-06
5.61e-06,3.17e-06,7.45e-06,5.35e-06,5.171e-06
5.082e-06,2.66e-06,7.43e-06,5.02e-06,2.66e-06
5.109e-06,2.4e-06,6.91e-06,4.94e-06,2.4e-06
5.089e-06,2.28e-06,7.16e-06,4.946e-06,2.28e-06
5.232e-06,2.56e-06,7.3e-06,5.206e-06,2.56e-06
5.653e-06,2.53e-06,7.79e-06,5.83e-06,2.94e-06
5.26e-06,2.37e-06,7.41e-06,5.275e-06,2.37e-06
5.454e-06,2.77e-06,7.56e-06,5.495e-06,2.85e-06
5.258e-06,2.35e-06,7.23e-06,5.22e-06,2.35e-06
5.192e-06,2.33e-06,7.28e-06,5.135e-06,2.33e-06
5.466e-06,2.67e-06,7.531e-06,5.51e-06,2.77e-06
5.092e-06,2.49e-06,7.03e-06,5.095e-06,2.49e-06
5.279e-06,2.53e-06,7.38e-06,5.195e-06,2.53e-06
5.211e-06,2.01e-06,7.241e-06,5.365e-06,2.01e-06
5.241e-06,2.13e-06,7.14e-06,5.27e-06,2.13e-06
5.272e-06,2.5e-06,7.58e-06,5.265e-06,2.5e-06
5.244e-06,2.22e-06,7.26e-06,5.27e-06,2.22e-06
5.286e-06,2.25e-06,7.041e-06,5.315e-06,2.25e-06
5.116e-06,2.49e-06,6.96e-06,4.73e-06,2.49e-06
5.086e-06,2.16e-06,6.8e-06,4.97e-06,2.16e-06
5.393e-06,1.95e-06,7.4e-06,5.68e-06,1.95e-06
5.991e-06,2.68e-06,8.3e-06,6.281e-06,3.211e-06
5.305e-06,2.21e-06,7.33e-06,5.38e-06,2.21e-06
5.177e-06,2.22e-06,7.13e-06,5.04e-06,2.22e-06
5.376e-06,2.68e-06,7.54e-06,5.415e-06,2.68e-06
5.554e-06,2.72e-06,7.59e-06,5.74e-06,2.9e-06
5.307e-06,2.68e-06,7.57e-06,5.14e-06,2.68e-06
5.236e-06,2.27e-06,7.32e-06,4.996e-06,2.27e-06
5.305e-06,2.2e-06,7.261e-06,5.135e-06,2.2e-06
5.077e-06,2.47e-06,7.15e-06,4.955e-06,2.47e-06
5.241e-06,2.39e-06,7.47e-06,5.175e-06,2.39e-06
5.474e-06,2.44e-06,7.63e-06,5.625e-06,2.44e-06
5.281e-06,2.48e-06,7.44e-06,5.425e-06,2.48e-06
5.409e-06,2.27e-06,7.59e-06,5.465e-06,2.27e-06
5.052e-06,2.47e-06,7.26e-06,4.87e-06,2.47e-06
5.316e-06,2.62e-06,7.45e-06,5.356e-06,2.62e-06
5.326e-06,2.22e-06,7.39e-06,5.496e-06,2.22e-06
5.459e-06,2.74e-06,7.47e-06,5.58e-06,2.74e-06
5.3e-06,2e-06,7.3e-06,5.38e-06,2e-06
5.173e-06,2.37e-06,7.091e-06,5.095e-06,2.37e-06
5.154e-06,2.42e-06,7.18e-06,5.085e-06,2.42e-06
5.384e-06,2.6e-06,7.41e-06,5.39e-06,2.6e-06
5.164e-06,2.401e-06,7.19e-06,5.11e-06,2.401e-06
5.386e-06,2.58e-06,7.471e-06,5.44e-06,2.58e-06
5.648e-06,2.36e-06,7.78e-06,5.905e-06,3.08e-06
5.349e-06,2.45e-06,7.27e-06,5.451e-06,2.45e-06
5.423e-06,2.64e-06,7.48e-06,5.51e-06,2.851e-06
5.337e-06,2.68e-06,7.39e-06,5.35e-06,2.68e-06
5.419e-06,2.78e-06,7.47e-06,5.46e-06,2.87e-06
5.573e-06,2.77e-06,7.83e-06,5.675e-06,2.77e-06
5.212e-06,2.6e-06,7.201e-06,5.095e-06,2.6e-06
5.715e-06,2.5e-06,7.84e-06,5.75e-06,3.1e-06
5.303e-06,2.07e-06,7.35e-06,5.29e-06,2.07e-06
5.091e-06,2.24e-06,7.05e-06,4.77e-06,2.24e-06
5.147e-06,2.37e-06,7.16e-06,5.13e-06,2.37e-06
5.44e-06,2.73e-06,7.59e-06,5.56e-06,2.73e-06
5.35e-06,2.65e-06,7.29e-06,5.405e-06,2.65e-06
5.36e-06,1.88e-06,7.26e-06,5.42e-06,1.88e-06
5.233e-06,2.31e-06,7.25e-06,5.3e-06,2.31e-06
5.526e-06,2.87e-06,7.52e-06,5.655e-06,2.87e-06
5.4e-06,2.4e-06,7.48e-06,5.51e-06,2.4e-06
5.836e-06,2.3e-06,8.24e-06,5.96e-06,3.19e-06
5.169e-06,2.54e-06,7.26e-06,5.02e-06,2.54e-06
5.317e-06,2.7e-06,7.38e-06,5.25e-06,2.7e-06
5.484e-06,2.28e-06,7.55e-06,5.845e-06,2.28e-06
5.629e-06,2.8e-06,7.901e-06,5.87e-06,2.86e-06
5.266e-06,2.41e-06,7.4e-06,5.22e-06,2.41e-06
5.444e-06,2.22e-06,7.46e-06,5.455e-06,2.22e-06
5.532e-06,2.6e-06,7.701e-06,5.611e-06,2.6e-06
5.237e-06,2.21e-06,7.48e-06,5.215e-06,2.21e-06
5.076e-06,2.42e-06,6.98e-06,5e-06,2.42e-06
5.487e-06,2.361e-06,7.7e-06,5.59e-06,2.361e-06
5.233e-06,2.56e-06,7.38e-06,5.255e-06,2.56e-06
5.195e-06,2.46e-06,7.28e-06,5.295e-06,2.46e-06
5.282e-06,2.73e-06,7.42e-06,5.201e-06,2.74e-06
5.321e-06,2.86e-06,7.36e-06,5.335e-06,2.86e-06
5.212e-06,2.45e-06,7.23e-06,5.305e-06,2.45e-06
5.237e-06,2.07e-06,7.3e-06,5.326e-06,2.07e-06
5.479e-06,2.71e-06,7.62e-06,5.525e-06,2.81e-06
5.279e-06,2.56e-06,7.231e-06,5.195e-06,2.56e-06
5.32e-06,2.01e-06,7.351e-06,5.59e-06,2.01e-06
5.381e-06,2.63e-06,7.43e-06,5.316e-06,2.63e-06
4.979e-06,2.55e-06,6.96e-06,4.925e-06,2.55e-06
5.386e-06,2.56e-06,7.87e-06,5.43e-06,2.94e-06
5.581e-06,2.57e-06,7.9e-06,5.655e-06,2.87e-06
5.141e-06,2.38e-06,7.17e-06,5.18e-06,2.38e-06
5.317e-06,2.03e-06,7.52e-06,5.29e-06,2.03e-06
5.673e-06,2.29e-06,7.901e-06,5.86e-06,3.15e-06
5.329e-06,2.03e-06,7.34e-06,5.341e-06,2.03e-06
5.255e-06,2.32e-06,7.37e-06,5.19e-06,2.32e-06
5.331e-06,2.78e-06,7.331e-06,5.34e-06,3.06e-06
5.374e-06,1.88e-06,7.31e-06,5.325e-06,1.88e-06
5.276e-06,2.331e-06,7.44e-06,4.99e-06,2.331e-06
5.229e-06,2.55e-06,7.33e-06,5.35e-06,2.55e-06
5.327e-06,2.55e-06,7.251e-06,5.295e-06,2.55e-06
5.173e-06,2.53e-06,7.26e-06,4.96e-06,2.53e-06
5.187e-06,2.36e-06,7.17e-06,5.08e-06,2.36e-06
5.389e-06,2.65e-06,7.67e-06,5.505e-06,2.65e-06
5.275e-06,2.61e-06,7.11e-06,5.24e-06,2.61e-06
5.177e-06,1.96e-06,7.29e-06,5.22e-06,1.96e-06
5.275e-06,2.33e-06,7.48e-06,5.131e-06,2.33e-06
5.111e-06,2.49e-06,7.05e-06,4.97e-06,2.49e-06
5.12e-06,2.53e-06,7.11e-06,4.985e-06,2.53e-06
5.438e-06,2.39e-06,7.75e-06,5.55e-06,2.39e-06
5.199e-06,2.61e-06,7.31e-06,5.145e-06,2.61e-06
5.231e-06,2.2e-06,7.361e-06,5.18e-06,2.2e-06
5.473e-06,2.61e-06,7.64e-06,5.636e-06,2.94e-06
5.286e-06,2.14e-06,7.38e-06,5.335e-06,2.14e-06
5.369e-06,2.47e-06,7.59e-06,5.315e-06,2.47e-06
5.1e-06,2.24e-06,7.04e-06,5.061e-06,2.24e-06
5.249e-06,2.52e-06,7.24e-06,5.17e-06,2.52e-06
5.126e-06,2.35e-06,7.01e-06,5.105e-06,2.35e-06
5.567e-06,2.58e-06,7.7e-06,5.675e-06,3.01e-06
5.173e-06,2.481e-06,7.44e-06,5.045e-06,2.481e-06
5.288e-06,2.71e-06,7.23e-06,5.28e-06,2.71e-06
5.251e-06,2.42e-06,7.21e-06,5.34e-06,2.42e-06
5.443e-06,2e-06,7.45e-06,5.51e-06,2e-06
5.184e-06,2.58e-06,7.131e-06,5.27e-06,2.58e-06
5.185e-06,2.39e-06,7.45e-06,5.145e-06,2.39e-06
5.265e-06,2.65e-06,7.32e-06,5.36e-06,2.65e-06
5.203e-06,2.65e-06,7.45e-06,5.08e-06,2.65e-06
5.306e-06,2.06e-06,7.58e-06,5.205e-06,2.06e-06
5.499e-06,2.58e-06,7.69e-06,5.635e-06,2.86e-06
5.267e-06,2.66e-06,7.43e-06,5.065e-06,2.66e-06
5.44e-06,2.72e-06,7.55e-06,5.475e-06,2.72e-06
5.321e-06,2.11e-06,7.3e-06,5.345e-06,2.11e-06
5.235e-06,2.56e-06,7.2e-06,5.23e-06,2.56e-06
5.387e-06,2.74e-06,7.58e-06,5.42e-06,2.74e-06
5.292e-06,2.62e-06,7.34e-06,5.34e-06,2.62e-06
5.289e-06,2.01e-06,7.28e-06,5.185e-06,2.01e-06
5.133e-06,2.03e-06,7.16e-06,5.015e-06,2.03e-06
5.496e-06,1.77e-06,7.51e-06,5.65e-06,1.77e-06
5.36e-06,2e-06,7.661e-06,5.316e-06,2e-06
5.408e-06,2.23e-06,7.58e-06,5.49e-06,2.23e-06
5.18e-06,2.351e-06,7.14e-06,5.065e-06,2.351e-06
5.178e-06,2.45e-06,6.83e-06,5.375e-06,2.45e-06
5.536e-06,2.71e-06,7.59e-06,5.615e-06,2.83e-06
5.144e-06,2.32e-06,7.31e-06,4.935e-06,2.32e-06
5.079e-06,2.43e-06,7.121e-06,5.021e-06,2.43e-06
5.242e-06,2.52e-06,7.29e-06,5.2e-06,2.52e-06
5.43e-06,2.05e-06,7.74e-06,5.39e-06,2.05e-06
5.236e-06,2.51e-06,7.22e-06,5.28e-06,2.51e-06
5.298e-06,2.62e-06,7.38e-06,5.24e-06,2.62e-06
5.298e-06,2.13e-06,7.32e-06,5.34e-06,2.13e-06
5.255e-06,2.02e-06,7.15e-06,5.285e-06,2.02e-06
5.31e-06,2.18e-06,7.38e-06,5.391e-06,2.18e-06
5.327e-06,2.27e-06,7.4e-06,5.335e-06,2.27e-06
5.185e-06,2.48e-06,7.131e-06,4.945e-06,2.48e-06
5.31e-06,2.61e-06,7.33e-06,5.41e-06,2.61e-06
5.206e-06,2.45e-06,7.35e-06,5.17e-06,2.45e-06
5.15e-06,2.3e-06,7.14e-06,5.15e-06,2.3e-06
5.14e-06,2.28e-06,7.14e-06,5.025e-06,2.28e-06
5.35e-06,2.04e-06,7.34e-06,5.39e-06,2.04e-06
5.356e-06,2.52e-06,7.49e-06,5.325e-06,2.52e-06
5.19e-06,2.39e-06,7.13e-06,5.19e-06,2.39e-06
5.266e-06,2.56e-06,7.28e-06,5.09e-06,2.56e-06
5.308e-06,2.7e-06,7.31e-06,5.255e-06,2.7e-06
5.464e-06,2.81e-06,7.7e-06,5.505e-06,2.98e-06
5.302e-06,1.93e-06,7.36e-06,5.375e-06,1.93e-06
5.194e-06,2.68e-06,7.28e-06,5.02e-06,2.68e-06
5.376e-06,2.68e-06,7.41e-06,5.375e-06,2.68e-06
5.197e-06,2.22e-06,7.07e-06,5.195e-06,2.22e-06
5.294e-06,2.37e-06,7.391e-06,5.235e-06,2.37e-06
5.175e-06,2.55e-06,7.13e-06,5.081e-06,2.55e-06
5.265e-06,2.51e-06,7.391e-06,5.321e-06,2.51e-06
5.144e-06,2.3e-06,6.98e-06,5.12e-06,2.3e-06
5.085e-06,2.23e-06,7.06e-06,5.155e-06,2.23e-06
5.212e-06,2.59e-06,7.29e-06,4.995e-06,2.59e-06
5.334e-06,2.69e-06,7.54e-06,5.365e-06,2.69e-06
5.613e-06,2.76e-06,8.01e-06,5.765e-06,2.76e-06
5.358e-06,2.67e-06,7.4e-06,5.406e-06,2.85e-06
5.202e-06,2.4e-06,7.24e-06,5.125e-06,2.4e-06
5.372e-06,2.421e-06,7.42e-06,5.435e-06,2.421e-06
5.289e-06,2.13e-06,7.64e-06,5.245e-06,2.13e-06
5.117e-06,2.34e-06,7.43e-06,4.99e-06,2.34e-06
5.192e-06,2.64e-06,7.18e-06,5.26e-06,2.64e-06
5.286e-06,2.58e-06,7.33e-06,5.26e-06,2.58e-06
5.181e-06,2.41e-06,7.111e-06,5.14e-06,2.41e-06
5.182e-06,2.23e-06,6.94e-06,5.131e-06,2.23e-06
5.339e-06,2.55e-06,7.39e-06,5.305e-06,2.55e-06
5.441e-06,2.7e-06,7.56e-06,5.445e-06,2.7e-06
5.631e-06,2.33e-06,7.91e-06,5.746e-06,3.16e-06
5.18e-06,2.53e-06,7.271e-06,5.225e-06,2.53e-06
5.539e-06,2.65e-06,7.64e-06,5.66e-06,2.89e-06
5.285e-06,2.09e-06,7.34e-06,5.345e-06,2.09e-06
5.239e-06,1.98e-06,7.22e-06,5.215e-06,1.98e-06
5.619e-06,2.66e-06,7.8e-06,5.66e-06,3.07e-06
5.237e-06,2.54e-06,7.11e-06,5.181e-06,2.54e-06
5.416e-06,2.34e-06,7.47e-06,5.491e-06,2.34e-06
5.21e-06,2.51e-06,7.21e-06,5.125e-06,2.51e-06
5.299e-06,2.68e-06,7.35e-06,5.405e-06,2.68e-06
5.006e-06,2.29e-06,6.71e-06,4.88e-06,2.29e-06
5.199e-06,2.69e-06,7.271e-06,5e-06,2.69e-06
0.000118113,2.09e-06,0.000232672,0.000118128,0.000227755
4.981e-06,2.21e-06,7e-06,4.745e-06,2.21e-06
5.479e-06,2.12e-06,7.66e-06,5.51e-06,2.12e-06
5.615e-06,2.48e-06,7.71e-06,5.595e-06,3.061e-06
5.259e-06,2.5e-06,7.36e-06,5.225e-06,2.5e-06
5.231e-06,2.52e-06,7.4e-06,5.25e-06,2.52e-06
5.405e-06,2.64e-06,7.53e-06,5.53e-06,2.81e-06
5.406e-06,2.68e-06,7.44e-06,5.505e-06,2.68e-06
5.367e-06,2.06e-06,7.59e-06,5.355e-06,2.06e-06
5.453e-06,2.65e-06,7.57e-06,5.526e-06,2.86e-06
5.27e-06,2.01e-06,7.19e-06,5.215e-06,2.01e-06
5.471e-06,2.72e-06,7.881e-06,5.505e-06,2.72e-06
5.088e-06,2.55e-06,7.08e-06,5.015e-06,2.55e-06
5.133e-06,2.41e-06,7.23e-06,5.036e-06,2.41e-06
5.519e-06,2.62e-06,7.51e-06,5.76e-06,2.92e-06
5.513e-06,2.8e-06,7.69e-06,5.505e-06,2.84e-06
5.413e-06,2.05e-06,7.46e-06,5.426e-06,2.05e-06
5.116e-06,2.47e-06,7.04e-06,5.035e-06,2.47e-06
5.549e-06,2.03e-06,7.711e-06,5.625e-06,2.03e-06
5.296e-06,2.25e-06,7.261e-06,5.39e-06,2.25e-06
5.334e-06,2.61e-06,7.24e-06,5.27e-06,2.61e-06
5.125e-06,2.42e-06,7.29e-06,5.08e-06,2.42e-06
5.739e-06,2.34e-06,7.9e-06,5.9e-06,3.5e-06
5.396e-06,2.65e-06,7.52e-06,5.47e-06,2.65e-06
5.357e-06,1.941e-06,7.37e-06,5.375e-06,1.941e-06
5.218e-06,2.81e-06,7.32e-06,5.09e-06,2.81e-06
5.369e-06,2.09e-06,7.35e-06,5.36e-06,2.09e-06
5.509e-06,2.55e-06,7.55e-06,5.615e-06,2.91e-06
5.316e-06,1.96e-06,7.45e-06,5.425e-06,1.96e-06
5.221e-06,2.4e-06,7.2e-06,5.34e-06,2.4e-06
5.55e-06,2.64e-06,7.731e-06,5.715e-06,2.64e-06
5.367e-06,2.25e-06,7.35e-06,5.54e-06,2.25e-06
5.19e-06,2.24e-06,7.11e-06,5.245e-06,2.24e-06
5.049e-06,2.2e-06,7.181e-06,4.87e-06,2.2e-06
5.17e-06,2.47e-06,7.31e-06,4.996e-06,2.47e-06
5.295e-06,2.4e-06,7.28e-06,5.345e-06,2.4e-06
5.364e-06,2.66e-06,7.57e-06,5.5e-06,2.66e-06
5.412e-06,1.86e-06,7.401e-06,5.475e-06,1.86e-06
5.129e-06,2.29e-06,7.01e-06,4.855e-06,2.29e-06
5.148e-06,2.45e-06,7.03e-06,5.045e-06,2.45e-06
5.271e-06,2.11e-06,7.12e-06,5.31e-06,2.11e-06
5.252e-06,2.65e-06,7.301e-06,5.151e-06,2.65e-06
5.243e-06,2.61e-06,7.44e-06,5.125e-06,2.61e-06
5.218e-06,2.42e-06,7.33e-06,5.16e-06,2.42e-06
5.22e-06,2.47e-06,7.24e-06,5.12e-06,2.47e-06
5.524e-06,2.55e-06,7.71e-06,5.62e-06,2.961e-06
5.417e-06,2.73e-06,7.59e-06,5.5e-06,2.73e-06
5.416e-06,2.67e-06,7.41e-06,5.57e-06,2.67e-06
5.262e-06,2.73e-06,7.461e-06,5.156e-06,2.73e-06
5.086e-06,2.39e-06,6.96e-06,4.975e-06,2.39e-06
5.118e-06,2.54e-06,7.25e-06,5.03e-06,2.54e-06
5.548e-06,2.51e-06,7.62e-06,5.755e-06,2.99e-06
5.223e-06,2.45e-06,7.14e-06,5.095e-06,2.45e-06
5.241e-06,2.56e-06,7.32e-06,5.03e-06,2.56e-06
5.205e-06,2.27e-06,7.32e-06,5.041e-06,2.27e-06
5.198e-06,2.54e-06,7.15e-06,4.99e-06,2.54e-06
5.233e-06,2.43e-06,7.41e-06,5.155e-06,2.43e-06
5.082e-06,2.37e-06,7e-06,4.85e-06,2.37e-06
5.15e-06,2.46e-06,7.3e-06,4.99e-06,2.46e-06
5.22e-06,2.44e-06,7.151e-06,5.201e-06,2.44e-06
5.226e-06,2.55e-06,7.19e-06,5.095e-06,2.55e-06
5.188e-06,2.57e-06,7.19e-06,5.04e-06,2.57e-06
5.265e-06,2.65e-06,7.2e-06,5.235e-06,2.65e-06
5.254e-06,2.15e-06,7.201e-06,5.286e-06,2.15e-06
5.17e-06,2.18e-06,7.07e-06,5.04e-06,2.18e-06
5.228e-06,2.41e-06,7.28e-06,5.155e-06,2.41e-06
5.36e-06,2.591e-06,7.35e-06,5.201e-06,2.591e-06
5.242e-06,2.4e-06,7.39e-06,5.195e-06,2.4e-06
5.416e-06,2.76e-06,7.51e-06,5.506e-06,2.76e-06
5.197e-06,2.26e-06,7.17e-06,5.155e-06,2.26e-06
2.1585e-05,2.84e-06,2.5481e-05,2.332e-05,2.84e-06
5.499e-06,2.39e-06,7.53e-06,5.54e-06,2.39e-06
5.314e-06,2.53e-06,7.43e-06,5.135e-06,2.53e-06
5.194e-06,2.071e-06,6.95e-06,5.21e-06,2.071e-06
5.386e-06,2.08e-06,7.39e-06,5.315e-06,2.08e-06
5.354e-06,2.43e-06,7.49e-06,5.405e-06,2.43e-06
5.549e-06,2.53e-06,7.84e-06,5.68e-06,2.96e-06
5.174e-06,2.52e-06,7.14e-06,5.135e-06,2.52e-06
4.984e-06,2.48e-06,6.86e-06,4.49e-06,2.48e-06
5.178e-06,2.46e-06,7.07e-06,4.95e-06,2.46e-06
5.456e-06,2.81e-06,7.62e-06,5.416e-06,2.86e-06
5.143e-06,2.39e-06,7.21e-06,5.115e-06,2.39e-06
5.128e-06,2.4e-06,7.13e-06,5.035e-06,2.4e-06
5.718e-06,2.33e-06,7.87e-06,6.005e-06,3.12e-06
5.234e-06,2.5e-06,7.17e-06,5.34e-06,2.5e-06
5.355e-06,2.58e-06,7.42e-06,5.35e-06,2.58e-06
5.125e-06,2.21e-06,6.9e-06,5.026e-06,2.21e-06
5.225e-06,2.33e-06,7.27e-06,5.175e-06,2.33e-06
5.171e-06,2.41e-06,7.26e-06,5.045e-06,2.41e-06
5.368e-06,2.29e-06,7.55e-06,5.5e-06,2.29e-06
5.205e-06,2.07e-06,7.21e-06,5.16e-06,2.07e-06
5.294e-06,2.62e-06,7.41e-06,5.155e-06,2.62e-06
5.247e-06,2.3e-06,7.25e-06,5.31e-06,2.3e-06
5.226e-06,2.49e-06,7.24e-06,5.166e-06,2.49e-06
5.188e-06,2.481e-06,7.27e-06,5.181e-06,2.481e-06
5.209e-06,2.49e-06,7.25e-06,5.325e-06,2.49e-06
5.278e-06,2.35e-06,7.32e-06,5.4e-06,2.35e-06
5.127e-06,2.42e-06,7.16e-06,4.99e-06,2.42e-06
5.74e-06,2.22e-06,8.01e-06,5.93e-06,3.33e-06
5.317e-06,2.58e-06,7.331e-06,5.16e-06,2.58e-06
5.172e-06,2.41e-06,7.31e-06,5.145e-06,2.41e-06
5.087e-06,2.32e-06,7.02e-06,4.925e-06,2.32e-06
5.318e-06,2.65e-06,7.271e-06,5.37e-06,2.65e-06
5.423e-06,2.53e-06,7.331e-06,5.46e-06,2.53e-06
5.134e-06,2.54e-06,7.34e-06,4.945e-06,2.54e-06
5.214e-06,2.54e-06,7.21e-06,5.225e-06,2.54e-06
5.046e-06,2.35e-06,7.051e-06,4.75e-06,2.35e-06
5.109e-06,2.21e-06,6.93e-06,5.065e-06,2.21e-06
5.042e-06,2.36e-06,6.94e-06,4.88e-06,2.36e-06
5.194e-06,2.39e-06,7.47e-06,5.275e-06,2.39e-06
5.358e-06,2.73e-06,7.33e-06,5.485e-06,2.73e-06
5.168e-06,2.661e-06,7.1e-06,4.93e-06,2.661e-06
5.507e-06,2.57e-06,7.59e-06,5.71e-06,2.57e-06
5.155e-06,2.48e-06,7.121e-06,4.985e-06,2.48e-06
5.124e-06,2.13e-06,7.221e-06,4.9e-06,2.13e-06
5.817e-06,2.73e-06,7.96e-06,5.995e-06,2.821e-06
5.21e-06,2.39e-06,7.33e-06,5.065e-06,2.39e-06
5.485e-06,2.56e-06,7.55e-06,5.561e-06,3.03e-06
5.272e-06,2.69e-06,7.2e-06,5.24e-06,2.69e-06
5.238e-06,2.01e-06,7.29e-06,5.18e-06,2.01e-06
5.328e-06,1.74e-06,7.26e-06,5.24e-06,1.74e-06
5.346e-06,2.5e-06,7.47e-06,5.19e-06,2.5e-06
5.032e-06,2.46e-06,7.03e-06,4.83e-06,2.46e-06
5.484e-06,2.64e-06,7.65e-06,5.665e-06,2.64e-06
5.326e-06,1.91e-06,7.611e-06,5.415e-06,1.91e-06
5.107e-06,2.18e-06,7.13e-06,5.05e-06,2.18e-06
5.572e-06,2.69e-06,7.68e-06,5.655e-06,2.83e-06
5.249e-06,2.59e-06,7.23e-06,5.215e-06,2.59e-06
5.382e-06,2.11e-06,7.44e-06,5.455e-06,2.11e-06
5.242e-06,2.66e-06,7e-06,5.24e-06,2.66e-06
5.452e-06,2.7e-06,7.55e-06,5.505e-06,2.7e-06
5.362e-06,2.81e-06,7.32e-06,5.26e-06,3.03e-06
5.228e-06,2.38e-06,7.26e-06,5.18e-06,2.38e-06
5.593e-06,2.7e-06,7.75e-06,5.78e-06,2.78e-06
5.416e-06,2.62e-06,7.45e-06,5.585e-06,2.62e-06
5.434e-06,2.33e-06,7.37e-06,5.555e-06,2.33e-06
5.189e-06,2.451e-06,7.081e-06,5.085e-06,2.451e-06
5.286e-06,2.66e-06,7.35e-06,5.21e-06,2.66e-06
5.211e-06,2.17e-06,7.19e-06,5.135e-06,2.17e-06
5.418e-06,2.66e-06,7.84e-06,5.275e-06,2.66e-06
5.099e-06,2.28e-06,7.2e-06,4.985e-06,2.28e-06
5.457e-06,2.54e-06,7.73e-06,5.545e-06,2.98e-06
5.367e-06,2.49e-06,7.55e-06,5.4e-06,2.49e-06
5.239e-06,2.59e-06,7.16e-06,5.26e-06,2.59e-06
5.265e-06,2.14e-06,7.17e-06,5.445e-06,2.14e-06
5.434e-06,2.56e-06,7.66e-06,5.4e-06,2.56e-06
5.261e-06,2.18e-06,7.76e-06,5.215e-06,2.18e-06
5.247e-06,2.24e-06,7.22e-06,5.145e-06,2.24e-06
5.108e-06,2.34e-06,6.81e-06,5.195e-06,2.34e-06
5.21e-06,2.38e-06,7.26e-06,5.181e-06,2.38e-06
5.161e-06,2.33e-06,7.26e-06,5.15e-06,2.33e-06
5.361e-06,2.72e-06,7.15e-06,5.34e-06,2.72e-06
5.275e-06,2.49e-06,7.31e-06,5.185e-06,2.49e-06
5.43e-06,2.67e-06,7.48e-06,5.525e-06,2.71e-06
5.35e-06,2.57e-06,7.56e-06,5.355e-06,2.57e-06
5.498e-06,1.89e-06,7.73e-06,5.525e-06,1.89e-06
5.013e-06,2.4e-06,6.92e-06,4.815e-06,2.4e-06
5.182e-06,2.411e-06,7.15e-06,5.215e-06,2.411e-06
5.201e-06,2.16e-06,7.21e-06,5.31e-06,2.16e-06
5.43e-06,2.16e-06,7.33e-06,5.485e-06,2.16e-06
5.314e-06,2.07e-06,7.27e-06,5.465e-06,2.07e-06
5.171e-06,2.43e-06,7.12e-06,4.885e-06,2.43e-06
5.17e-06,2.51e-06,7.11e-06,4.92e-06,2.51e-06
5.368e-06,2.38e-06,7.52e-06,5.36e-06,2.38e-06
5.224e-06,2.49e-06,7.36e-06,5.155e-06,2.49e-06
5.267e-06,2.03e-06,7.3e-06,5.365e-06,2.03e-06
5.339e-06,2.74e-06,7.31e-06,5.4e-06,2.74e-06
5.39e-06,2e-06,7.51e-06,5.27e-06,2e-06
5.174e-06,2.21e-06,7.271e-06,5.046e-06,2.21e-06
5.214e-06,2.58e-06,7.32e-06,5.18e-06,2.58e-06
5.3e-06,2.39e-06,7.27e-06,5.25e-06,2.39e-06
5.292e-06,2.57e-06,7.19e-06,5.35e-06,2.57e-06
5.174e-06,2.58e-06,7.101e-06,5.066e-06,2.58e-06
5.677e-06,2.35e-06,7.78e-06,5.86e-06,3.17e-06
5.456e-06,2.89e-06,7.55e-06,5.35e-06,2.89e-06
5.195e-06,2.5e-06,7.16e-06,5.155e-06,2.5e-06
5.295e-06,2.62e-06,7.4e-06,5.23e-06,2.62e-06
5.289e-06,2.15e-06,7.34e-06,5.4e-06,2.15e-06
5.194e-06,2.311e-06,7.07e-06,5.165e-06,2.311e-06
5.526e-06,2.5e-06,7.681e-06,5.665e-06,2.5e-06
5.246e-06,2.31e-06,7.33e-06,5.275e-06,2.31e-06
5.066e-06,2.57e-06,7.12e-06,4.8e-06,2.57e-06
5.334e-06,2.59e-06,7.42e-06,5.37e-06,2.59e-06
5.184e-06,2.42e-06,7.05e-06,5.08e-06,2.42e-06
5.171e-06,2.53e-06,7.07e-06,5.08e-06,2.53e-06
5.601e-06,2.52e-06,7.79e-06,5.76e-06,2.93e-06
5.223e-06,2.4e-06,7.33e-06,5.12e-06,2.4e-06
5.583e-06,2.46e-06,7.7e-06,5.775e-06,3.44e-06
5.439e-06,2.7e-06,7.611e-06,5.545e-06,2.7e-06
5.242e-06,2.05e-06,7.24e-06,5.435e-06,2.05e-06
5.412e-06,2.38e-06,7.511e-06,5.421e-06,2.38e-06
5.19e-06,2.61e-06,7.23e-06,5.025e-06,2.61e-06
5.208e-06,2.24e-06,7.11e-06,5.205e-06,2.24e-06
5.111e-06,2.43e-06,7.01e-06,4.986e-06,2.43e-06
5.324e-06,2.65e-06,7.39e-06,5.28e-06,2.65e-06
5.311e-06,2.59e-06,7.25e-06,5.325e-06,2.59e-06
5.15e-06,2.5e-06,7.14e-06,5.035e-06,2.5e-06
5.12e-06,2.41e-06,7.13e-06,5.015e-06,2.41e-06
5.541e-06,2.56e-06,7.6e-06,5.65e-06,2.95e-06
5.305e-06,2.79e-06,7.37e-06,5.265e-06,2.811e-06
5.592e-06,2.79e-06,7.74e-06,5.765e-06,2.79e-06
5.131e-06,2.54e-06,6.891e-06,5.155e-06,2.54e-06
5.112e-06,2.32e-06,7.43e-06,5e-06,2.32e-06
5.636e-06,2.8e-06,7.68e-06,5.89e-06,2.8e-06
5.325e-06,2.64e-06,7.31e-06,5.35e-06,2.64e-06
5.231e-06,2.59e-06,7.22e-06,5.075e-06,2.59e-06
5.129e-06,2.58e-06,7.05e-06,5.135e-06,2.58e-06
5.195e-06,2.45e-06,7.18e-06,5.166e-06,2.45e-06
5.381e-06,2.25e-06,7.36e-06,5.3e-06,2.25e-06
5.172e-06,2.54e-06,6.81e-06,5.21e-06,2.54e-06
5.274e-06,2.47e-06,7.15e-06,5.12e-06,2.47e-06
5.398e-06,2.71e-06,7.43e-06,5.49e-06,2.71e-06
5.098e-06,2.32e-06,7.061e-06,5.17e-06,2.32e-06
5.211e-06,2.52e-06,7.28e-06,5.23e-06,2.52e-06
5.43e-06,2.22e-06,7.77e-06,5.425e-06,2.22e-06
5.159e-06,2.21e-06,7.21e-06,5.1e-06,2.21e-06
5.203e-06,2.41e-06,7.18e-06,5.225e-06,2.41e-06
5.174e-06,2.57e-06,7.18e-06,5.065e-06,2.57e-06
5.135e-06,2.25e-06,7.111e-06,4.97e-06,2.25e-06
5.142e-06,2.51e-06,7.14e-06,5.01e-06,2.51e-06
5.267e-06,2.241e-06,7.32e-06,5.295e-06,2.241e-06
5.332e-06,1.87e-06,7.41e-06,5.365e-06,1.87e-06
5.453e-06,2.51e-06,7.75e-06,5.525e-06,2.51e-06
5.502e-06,2.62e-06,7.83e-06,5.756e-06,2.62e-06
5.349e-06,2.56e-06,7.57e-06,5.35e-06,2.72e-06
5.423e-06,2.65e-06,7.731e-06,5.56e-06,2.82e-06
5.449e-06,2.59e-06,7.7e-06,5.545e-06,2.72e-06
5.289e-06,2.36e-06,7.37e-06,5.455e-06,2.36e-06
5.631e-06,2.84e-06,7.87e-06,5.77e-06,2.84e-06
5.364e-06,2.48e-06,7.51e-06,5.34e-06,2.85e-06
5.602e-06,2.41e-06,8.08e-06,5.77e-06,2.87e-06
5.349e-06,2.16e-06,7.26e-06,5.525e-06,2.16e-06
5.403e-06,2.62e-06,7.651e-06,5.351e-06,2.62e-06
5.46e-06,2.7e-06,7.38e-06,5.73e-06,2.7e-06
5.412e-06,2.58e-06,7.6e-06,5.67e-06,2.58e-06
5.656e-06,2.23e-06,7.71e-06,5.875e-06,3.12e-06
5.32e-06,2.62e-06,7.58e-06,5.4e-06,2.71e-06
5.789e-06,2.12e-06,8.17e-06,5.986e-06,3.22e-06
5.467e-06,2.46e-06,7.73e-06,5.64e-06,2.92e-06
5.494e-06,2.74e-06,7.461e-06,5.73e-06,2.74e-06
5.497e-06,2.29e-06,7.92e-06,5.69e-06,2.931e-06
5.507e-06,2.73e-06,7.75e-06,5.805e-06,2.74e-06
5.425e-06,2.45e-06,7.29e-06,5.76e-06,2.92e-06
5.518e-06,2.19e-06,7.99e-06,5.455e-06,3.111e-06
5.416e-06,2.41e-06,7.67e-06,5.635e-06,2.41e-06
5.445e-06,2.61e-06,7.67e-06,5.55e-06,2.61e-06
5.523e-06,2.53e-06,7.81e-06,5.865e-06,2.76e-06
5.491e-06,2.7e-06,7.8e-06,5.58e-06,2.7e-06
5.542e-06,2.59e-06,7.88e-06,5.83e-06,2.62e-06
5.294e-06,2.65e-06,7.59e-06,5.42e-06,2.65e-06
5.409e-06,2.28e-06,7.76e-06,5.695e-06,2.28e-06
5.26e-06,2.49e-06,7.33e-06,5.235e-06,2.49e-06
5.684e-06,2.63e-06,8.15e-06,6.14e-06,2.63e-06
5.578e-06,2.46e-06,7.831e-06,5.76e-06,2.94e-06
5.54e-06,2.56e-06,7.67e-06,5.7e-06,2.78e-06
5.635e-06,2.681e-06,7.84e-06,5.815e-06,2.72e-06
5.359e-06,2.63e-06,7.26e-06,5.55e-06,2.63e-06
5.381e-06,2.62e-06,7.67e-06,5.51e-06,2.62e-06
5.647e-06,2.21e-06,7.9e-06,5.79e-06,3.35e-06
5.577e-06,2.57e-06,7.8e-06,5.765e-06,2.68e-06
5.486e-06,2.43e-06,7.791e-06,5.77e-06,2.73e-06
5.419e-06,2.54e-06,7.46e-06,5.835e-06,2.54e-06
5.495e-06,2.58e-06,7.69e-06,5.64e-06,2.58e-06
5.281e-06,2.21e-06,7.38e-06,5.406e-06,2.21e-06
5.363e-06,2.63e-06,7.52e-06,5.39e-06,2.63e-06
5.406e-06,2.47e-06,7.29e-06,5.625e-06,2.94e-06
5.436e-06,2.56e-06,7.47e-06,5.76e-06,2.56e-06
5.34e-06,2.38e-06,7.501e-06,5.55e-06,2.38e-06
5.786e-06,2.31e-06,8.07e-06,6.131e-06,3.1e-06
5.583e-06,2.59e-06,7.88e-06,5.975e-06,2.821e-06
5.419e-06,2.75e-06,7.61e-06,5.57e-06,2.75e-06
8.507e-06,1.91e-06,1.133e-05,9.556e-06,1.91e-06
5.419e-06,2.55e-06,7.42e-06,5.375e-06,2.84e-06
5.638e-06,2.41e-06,7.72e-06,5.85e-06,3.08e-06
5.522e-06,2.43e-06,7.7e-06,5.665e-06,2.95e-06
5.629e-06,2.53e-06,7.72e-06,5.875e-06,2.82e-06
5.422e-06,2.62e-06,7.36e-06,5.541e-06,2.62e-06
5.31e-06,2.64e-06,7.19e-06,5.565e-06,2.71e-06
5.374e-06,2.75e-06,7.7e-06,5.285e-06,2.78e-06
5.559e-06,2.62e-06,7.87e-06,5.85e-06,2.62e-06
5.599e-06,2.59e-06,8.06e-06,5.875e-06,2.59e-06
5.307e-06,1.99e-06,7.56e-06,5.43e-06,1.99e-06
5.203e-06,2.47e-06,7.221e-06,5.11e-06,2.47e-06
5.382e-06,2.51e-06,7.51e-06,5.555e-06,2.51e-06
5.481e-06,2.58e-06,7.71e-06,5.695e-06,2.64e-06
5.627e-06,2.24e-06,7.6e-06,5.896e-06,3.31e-06
5.753e-06,2.24e-06,7.85e-06,6.075e-06,2.981e-06
8.825e-06,3.02e-06,1.094e-05,9.38e-06,7.27e-06
4.746e-06,2.26e-06,6.99e-06,4.405e-06,2.26e-06
5.332e-06,2.64e-06,7.71e-06,5.285e-06,2.69e-06
5.372e-06,2.46e-06,7.51e-06,5.51e-06,2.46e-06
5.439e-06,2.5e-06,7.4e-06,5.685e-06,2.82e-06
5.829e-06,1.94e-06,8.27e-06,6.14e-06,3.38e-06
5.805e-06,1.96e-06,8.19e-06,6.14e-06,3.34e-06
5.508e-06,2.31e-06,7.74e-06,5.61e-06,2.88e-06
5.496e-06,2.74e-06,7.69e-06,5.565e-06,2.74e-06
5.346e-06,2.46e-06,7.37e-06,5.5e-06,2.82e-06
5.502e-06,2.62e-06,7.63e-06,5.855e-06,2.62e-06
5.403e-06,2.49e-06,7.53e-06,5.67e-06,2.49e-06
5.443e-06,2.52e-06,7.64e-06,5.6e-06,2.86e-06
5.467e-06,2.54e-06,7.77e-06,5.82e-06,2.68e-06
5.799e-06,2.66e-06,7.91e-06,6.03e-06,2.77e-06
5.518e-06,2.501e-06,7.75e-06,5.695e-06,2.86e-06
5.598e-06,2.521e-06,7.85e-06,5.93e-06,2.521e-06
5.638e-06,2.55e-06,8.04e-06,5.955e-06,2.55e-06
5.704e-06,2.5e-06,7.74e-06,6.055e-06,2.87e-06
5.243e-06,2.51e-06,7.23e-06,5.28e-06,2.721e-06
5.573e-06,2.46e-06,7.73e-06,5.825e-06,2.8e-06
5.629e-06,2.59e-06,7.62e-06,5.935e-06,2.59e-06
5.433e-06,2.59e-06,7.75e-06,5.635e-06,2.59e-06
5.608e-06,2.6e-06,7.84e-06,5.825e-06,2.6e-06
5.433e-06,2.45e-06,7.62e-06,5.67e-06,2.82e-06
5.712e-06,2.17e-06,7.99e-06,5.901e-06,3.13e-06
5.413e-06,2.56e-06,7.76e-06,5.5e-06,2.72e-06
5.631e-06,2.52e-06,7.62e-06,5.98e-06,2.93e-06
5.309e-06,2.41e-06,7.3e-06,5.4e-06,2.41e-06
5.591e-06,2.53e-06,7.89e-06,5.805e-06,2.53e-06
5.494e-06,2.3e-06,7.77e-06,5.665e-06,2.96e-06
5.312e-06,2.36e-06,7.32e-06,5.67e-06,2.36e-06
5.464e-06,2.58e-06,7.45e-06,5.64e-06,2.58e-06
5.212e-06,2.54e-06,7.51e-06,5.4e-06,2.54e-06
5.428e-06,2.64e-06,7.371e-06,5.495e-06,2.72e-06
5.357e-06,2.52e-06,7.62e-06,5.225e-06,2.52e-06
5.376e-06,2.52e-06,7.46e-06,5.39e-06,2.52e-06
5.445e-06,2.46e-06,7.65e-06,5.67e-06,2.46e-06
5.398e-06,2.6e-06,7.67e-06,5.605e-06,2.6e-06
5.409e-06,2.43e-06,7.53e-06,5.616e-06,3.02e-06
5.522e-06,2.48e-06,7.87e-06,5.54e-06,2.78e-06
5.645e-06,2.15e-06,7.95e-06,5.905e-06,3.16e-06
5.418e-06,2.58e-06,7.6e-06,5.776e-06,2.771e-06
5.557e-06,2.44e-06,7.81e-06,5.72e-06,2.92e-06
5.726e-06,2.35e-06,7.93e-06,6e-06,2.86e-06
5.696e-06,2.22e-06,7.96e-06,5.88e-06,2.961e-06
5.677e-06,2.31e-06,8.07e-06,6.021e-06,3.05e-06
5.384e-06,2.59e-06,7.48e-06,5.59e-06,2.59e-06
5.706e-06,2.58e-06,8.16e-06,5.855e-06,2.79e-06
5.559e-06,2.01e-06,7.74e-06,5.87e-06,3.26e-06
5.565e-06,2.59e-06,7.76e-06,5.78e-06,2.88e-06
5.392e-06,2.54e-06,7.7e-06,5.435e-06,2.75e-06
5.435e-06,2.58e-06,7.48e-06,5.6e-06,2.58e-06
5.385e-06,2.29e-06,7.7e-06,5.465e-06,2.29e-06
5.374e-06,2.35e-06,7.37e-06,5.225e-06,2.91e-06
5.518e-06,2.44e-06,7.69e-06,5.695e-06,2.83e-06
5.732e-06,2.65e-06,8.05e-06,5.905e-06,2.87e-06
6.587e-06,2.04e-06,8.571e-06,7.3e-06,4.5e-06
5.271e-06,2.58e-06,7.16e-06,5.165e-06,2.58e-06
5.578e-06,2.35e-06,7.75e-06,5.77e-06,2.95e-06
5.295e-06,2.58e-06,7.35e-06,5.39e-06,2.63e-06
5.44e-06,2.51e-06,7.75e-06,5.56e-06,2.78e-06
5.653e-06,2.41e-06,7.841e-06,5.94e-06,2.91e-06
5.54e-06,2.27e-06,7.941e-06,5.916e-06,3.06e-06
5.394e-06,2.39e-06,7.41e-06,5.581e-06,2.39e-06
5.355e-06,2.321e-06,7.64e-06,5.49e-06,2.321e-06
5.369e-06,2.57e-06,7.75e-06,5.46e-06,2.57e-06
5.447e-06,2.59e-06,7.58e-06,5.425e-06,2.76e-06
5.513e-06,2.19e-06,7.54e-06,5.525e-06,3.241e-06
5.585e-06,2.51e-06,7.84e-06,5.925e-06,2.69e-06
5.273e-06,2.55e-06,7.591e-06,5.475e-06,2.7e-06
5.396e-06,2.58e-06,7.65e-06,5.575e-06,2.58e-06
5.306e-06,2.65e-06,7.26e-06,5.42e-06,2.7e-06
5.494e-06,2.54e-06,7.71e-06,5.661e-06,2.77e-06
5.645e-06,2.76e-06,7.78e-06,6.145e-06,2.82e-06
5.568e-06,2.33e-06,7.77e-06,5.915e-06,2.95e-06
5.49e-06,2.39e-06,7.7e-06,5.615e-06,2.86e-06
5.418e-06,2.55e-06,7.781e-06,5.605e-06,2.61e-06
5.625e-06,2.43e-06,7.87e-06,5.89e-06,2.93e-06
5.652e-06,2.33e-06,7.99e-06,5.94e-06,2.98e-06
5.415e-06,2.48e-06,7.421e-06,5.57e-06,2.48e-06
5.276e-06,2.57e-06,7.43e-06,5.265e-06,2.57e-06
5.637e-06,2.37e-06,7.98e-06,5.786e-06,3.11e-06
5.426e-06,2.54e-06,7.31e-06,5.76e-06,2.83e-06
5.471e-06,2.58e-06,7.401e-06,5.55e-06,2.58e-06
5.407e-06,2.39e-06,7.45e-06,5.445e-06,2.39e-06
5.387e-06,2.61e-06,7.57e-06,5.425e-06,2.7e-06
5.419e-06,2.51e-06,7.63e-06,5.465e-06,2.51e-06
5.534e-06,2.44e-06,7.84e-06,5.56e-06,2.85e-06
1.1268e-05,2.02e-06,1.511e-05,1.302e-05,1.024e-05
5.868e-06,2.35e-06,8.16e-06,6.325e-06,3.09e-06
5.677e-06,2.5e-06,7.93e-06,6.065e-06,2.79e-06
5.514e-06,2.48e-06,7.72e-06,5.785e-06,2.48e-06
5.293e-06,2.37e-06,7.49e-06,5.26e-06,2.37e-06
5.439e-06,2.7e-06,7.72e-06,5.445e-06,2.93e-06
5.374e-06,2.56e-06,7.25e-06,5.58e-06,2.72e-06
5.374e-06,2.63e-06,7.49e-06,5.435e-06,2.67e-06
5.402e-06,2.67e-06,7.39e-06,5.506e-06,2.67e-06
5.642e-06,2.12e-06,7.901e-06,5.91e-06,3.3e-06
5.432e-06,1.89e-06,7.42e-06,5.79e-06,1.89e-06
5.613e-06,2.51e-06,7.72e-06,5.845e-06,2.79e-06
5.367e-06,2.39e-06,7.7e-06,5.5e-06,2.39e-06
5.504e-06,2.71e-06,7.81e-06,5.75e-06,2.81e-06
5.635e-06,2.74e-06,7.87e-06,5.95e-06,2.88e-06
5.272e-06,2.53e-06,7.32e-06,5.16e-06,2.53e-06
5.186e-06,2.391e-06,7.381e-06,5.175e-06,2.391e-06
5.451e-06,2.32e-06,7.7e-06,5.765e-06,2.96e-06
5.556e-06,2.33e-06,7.73e-06,5.67e-06,2.97e-06
5.635e-06,2.09e-06,8e-06,5.906e-06,3.171e-06
5.416e-06,2.54e-06,7.64e-06,5.6e-06,2.66e-06
5.456e-06,2.33e-06,7.47e-06,5.505e-06,3.17e-06
5.656e-06,2.15e-06,7.91e-06,6.041e-06,3.14e-06
5.417e-06,2.5e-06,7.661e-06,5.515e-06,2.5e-06
5.436e-06,2.33e-06,7.6e-06,5.485e-06,2.91e-06
5.491e-06,2.5e-06,7.59e-06,5.52e-06,3.18e-06
5.575e-06,2.56e-06,7.97e-06,5.905e-06,2.56e-06
5.397e-06,1.82e-06,7.74e-06,5.495e-06,1.82e-06
5.251e-06,2.38e-06,7.56e-06,5.145e-06,2.38e-06
5.578e-06,2.27e-06,7.78e-06,5.841e-06,2.96e-06
1.1745e-05,2.79e-06,1.4511e-05,1.2775e-05,1.0341e-05
5.584e-06,2.58e-06,7.83e-06,5.565e-06,2.82e-06
5.63e-06,2.43e-06,7.95e-06,5.9e-06,2.86e-06
5.606e-06,2.56e-06,7.86e-06,5.88e-06,2.98e-06
5.407e-06,2.5e-06,7.61e-06,5.555e-06,2.71e-06
5.484e-06,2.37e-06,7.55e-06,5.491e-06,2.92e-06
5.365e-06,2.39e-06,7.391e-06,5.23e-06,2.85e-06
5.618e-06,2.55e-06,7.98e-06,5.825e-06,3.07e-06
5.759e-06,2.03e-06,8.05e-06,6.03e-06,3.21e-06
5.587e-06,2.71e-06,7.8e-06,5.635e-06,2.71e-06
5.489e-06,2.57e-06,7.75e-06,5.64e-06,2.57e-06
5.828e-06,2.411e-06,8.24e-06,6.225e-06,3.02e-06
5.413e-06,2.54e-06,7.68e-06,5.56e-06,2.74e-06
5.334e-06,2.53e-06,7.481e-06,5.58e-06,2.53e-06
5.494e-06,2.52e-06,7.73e-06,5.79e-06,2.52e-06
5.181e-06,2.45e-06,7.33e-06,5.265e-06,2.45e-06
5.388e-06,2.48e-06,7.31e-06,5.46e-06,2.76e-06
5.547e-06,2.32e-06,7.88e-06,5.59e-06,3.02e-06
5.314e-06,2.31e-06,7.74e-06,5.48e-06,2.31e-06
5.447e-06,2.59e-06,7.78e-06,5.535e-06,2.85e-06
5.506e-06,2.62e-06,7.701e-06,5.59e-06,2.96e-06
5.222e-06,2.33e-06,7.49e-06,5.425e-06,2.33e-06
5.471e-06,2.57e-06,7.76e-06,5.795e-06,2.59e-06
5.655e-06,2.39e-06,7.92e-06,5.99e-06,2.981e-06
5.492e-06,2.42e-06,7.78e-06,5.616e-06,2.82e-06
6.057e-06,2.31e-06,8.45e-06,6.45e-06,3e-06
5.286e-06,1.92e-06,7.29e-06,5.555e-06,1.92e-06
5.522e-06,2.651e-06,7.981e-06,5.58e-06,2.91e-06
5.855e-06,1.99e-06,8.15e-06,6.175e-06,3.46e-06
5.349e-06,2.63e-06,7.29e-06,5.541e-06,2.71e-06
5.378e-06,2.54e-06,7.61e-06,5.475e-06,2.54e-06
5.564e-06,2.1e-06,7.77e-06,5.8e-06,3.37e-06
5.927e-06,2.01e-06,8.35e-06,6.25e-06,3.54e-06
5.759e-06,2.04e-06,8.06e-06,6.03e-06,3.24e-06
5.278e-06,2.55e-06,7.411e-06,5.18e-06,2.7e-06
5.617e-06,2.24e-06,7.86e-06,5.74e-06,3.18e-06
5.24e-06,2.3e-06,7.5e-06,5.231e-06,2.3e-06
5.373e-06,2.63e-06,7.37e-06,5.47e-06,2.71e-06
5.526e-06,2.61e-06,7.67e-06,5.66e-06,2.69e-06
5.492e-06,2.34e-06,7.54e-06,5.585e-06,2.95e-06
5.368e-06,2.62e-06,7.61e-06,5.475e-06,2.66e-06
5.446e-06,2.49e-06,7.611e-06,5.495e-06,2.77e-06
5.442e-06,2.4e-06,7.64e-06,5.51e-06,2.85e-06
5.293e-06,2.21e-06,7.55e-06,5.435e-06,2.21e-06
5.328e-06,2.52e-06,7.31e-06,5.465e-06,2.79e-06
5.401e-06,2.55e-06,7.49e-06,5.545e-06,2.55e-06
5.388e-06,2.54e-06,7.43e-06,5.65e-06,2.54e-06
5.497e-06,2.66e-06,7.79e-06,5.6e-06,2.7e-06
5.377e-06,2.49e-06,7.29e-06,5.69e-06,2.73e-06
5.551e-06,2.521e-06,7.81e-06,5.945e-06,2.521e-06
5.897e-06,2.09e-06,8.36e-06,6.341e-06,3.17e-06
5.308e-06,2.71e-06,7.59e-06,5.44e-06,2.71e-06
5.503e-06,2.41e-06,7.76e-06,5.785e-06,2.41e-06
5.744e-06,2.39e-06,8.16e-06,6.21e-06,2.88e-06
5.134e-06,2.5e-06,7.31e-06,5.225e-06,2.5e-06
5.518e-06,2.34e-06,7.751e-06,5.581e-06,2.99e-06
5.514e-06,2.42e-06,7.75e-06,5.815e-06,2.89e-06
5.391e-06,2.59e-06,7.28e-06,5.635e-06,2.59e-06
5.527e-06,2.67e-06,7.95e-06,5.63e-06,2.67e-06
5.696e-06,2.35e-06,7.601e-06,6.085e-06,3.22e-06
5.662e-06,2.27e-06,7.91e-06,5.925e-06,3.15e-06
5.549e-06,2.31e-06,7.7e-06,5.84e-06,2.98e-06
5.444e-06,2.47e-06,7.771e-06,5.46e-06,2.79e-06
5.641e-06,2.3e-06,7.91e-06,5.87e-06,3.01e-06
5.336e-06,2.42e-06,7.48e-06,5.506e-06,2.42e-06
5.5e-06,2.55e-06,7.66e-06,5.7e-06,2.75e-06
5.348e-06,2.5e-06,7.52e-06,5.34e-06,2.5e-06
6.01e-06,2.2e-06,8.28e-06,6.255e-06,3.73e-06
5.536e-06,2.31e-06,7.67e-06,5.69e-06,3.01e-06
5.543e-06,2.34e-06,7.821e-06,5.705e-06,2.91e-06
5.449e-06,2.54e-06,7.68e-06,5.51e-06,2.65e-06
5.306e-06,2.41e-06,7.43e-06,5.215e-06,3.02e-06
5.377e-06,2.48e-06,7.38e-06,5.595e-06,2.691e-06
5.672e-06,2.24e-06,7.92e-06,5.785e-06,3.13e-06
5.377e-06,2.58e-06,7.21e-06,5.546e-06,2.74e-06
5.999e-06,2.01e-06,8.32e-06,6.235e-06,3.751e-06
5.338e-06,2.45e-06,7.501e-06,5.495e-06,2.45e-06
5.541e-06,2.67e-06,7.6e-06,5.75e-06,2.69e-06
5.382e-06,2.31e-06,7.6e-06,5.38e-06,2.31e-06
5.349e-06,2.45e-06,7.2e-06,5.615e-06,2.45e-06
5.533e-06,2.29e-06,7.57e-06,5.5e-06,2.99e-06
5.346e-06,2.64e-06,7.29e-06,5.41e-06,2.65e-06
5.274e-06,2.28e-06,7.62e-06,5.485e-06,2.28e-06
5.443e-06,2.51e-06,7.451e-06,5.595e-06,2.8e-06
5.407e-06,2.47e-06,7.62e-06,5.41e-06,2.8e-06
5.234e-06,2.39e-06,7.32e-06,5.32e-06,2.39e-06
5.333e-06,2.53e-06,7.68e-06,5.31e-06,2.53e-06
5.354e-06,2.45e-06,7.62e-06,5.59e-06,2.45e-06
5.38e-06,2.64e-06,7.241e-06,5.636e-06,2.69e-06
5.771e-06,2.42e-06,7.92e-06,5.93e-06,3.32e-06
5.693e-06,2.19e-06,8.051e-06,5.98e-06,3.08e-06
5.483e-06,2.51e-06,7.78e-06,5.56e-06,2.86e-06
5.488e-06,2.4e-06,7.8e-06,5.71e-06,2.89e-06
5.543e-06,2.69e-06,7.79e-06,5.745e-06,2.89e-06
5.748e-06,2.59e-06,8.17e-06,6.035e-06,2.89e-06
5.786e-06,2.26e-06,8.26e-06,6.016e-06,3.23e-06
5.304e-06,2.59e-06,7.56e-06,5.395e-06,2.59e-06
5.368e-06,2.33e-06,7.491e-06,5.605e-06,2.33e-06
5.523e-06,2.56e-06,7.67e-06,5.565e-06,2.56e-06
5.364e-06,2.68e-06,7.36e-06,5.355e-06,2.68e-06
5.784e-06,2.37e-06,8.08e-06,6.08e-06,2.37e-06
5.629e-06,2.37e-06,7.82e-06,5.795e-06,3.051e-06
5.587e-06,2.57e-06,7.86e-06,5.705e-06,2.75e-06
5.582e-06,2.3e-06,7.8e-06,5.78e-06,3.04e-06
5.365e-06,2.6e-06,7.371e-06,5.621e-06,2.6e-06
5.383e-06,2.53e-06,7.8e-06,5.476e-06,2.53e-06
5.528e-06,2.42e-06,7.73e-06,5.55e-06,2.9e-06
5.397e-06,2.62e-06,7.7e-06,5.485e-06,2.85e-06
5.566e-06,2.24e-06,7.55e-06,5.705e-06,3.12e-06
5.28e-06,2.3e-06,7.41e-06,5.255e-06,2.3e-06
5.299e-06,2.44e-06,7.42e-06,5.22e-06,2.44e-06
5.552e-06,2.29e-06,7.861e-06,5.65e-06,2.92e-06
5.361e-06,2.59e-06,7.21e-06,5.505e-06,2.7e-06
5.387e-06,2e-06,7.291e-06,5.721e-06,2e-06
5.338e-06,2.55e-06,7.52e-06,5.53e-06,2.55e-06
5.409e-06,2.47e-06,7.6e-06,5.57e-06,2.47e-06
5.308e-06,2.56e-06,7.52e-06,5.445e-06,2.73e-06
5.607e-06,2.31e-06,7.85e-06,5.69e-06,2.9e-06
5.365e-06,2.59e-06,7.241e-06,5.555e-06,2.59e-06
5.404e-06,2.47e-06,7.55e-06,5.461e-06,2.87e-06
5.258e-06,2.52e-06,7.201e-06,5.325e-06,2.52e-06
5.289e-06,2.48e-06,7.46e-06,5.295e-06,2.48e-06
5.285e-06,2.57e-06,7.49e-06,5.445e-06,2.74e-06
5.551e-06,2.5e-06,7.91e-06,5.84e-06,2.91e-06
5.275e-06,2.54e-06,7.4e-06,5.405e-06,2.54e-06
5.359e-06,2.61e-06,7.381e-06,5.6e-06,2.63e-06
5.254e-06,2.32e-06,7.4e-06,5.301e-06,2.32e-06
5.505e-06,2.34e-06,7.78e-06,5.72e-06,3e-06
5.63e-06,2.87e-06,8e-06,5.81e-06,2.92e-06
5.673e-06,2.13e-06,7.9e-06,5.805e-06,3.1e-06
5.183e-06,2.46e-06,7.4e-06,5.36e-06,2.46e-06
5.321e-06,2.64e-06,7.46e-06,5.505e-06,2.64e-06
5.547e-06,2.08e-06,7.841e-06,5.74e-06,3.12e-06
5.263e-06,2.5e-06,7.43e-06,5.47e-06,2.691e-06
5.406e-06,2.49e-06,7.5e-06,5.575e-06,2.7e-06
5.463e-06,2.55e-06,7.67e-06,5.65e-06,2.67e-06
5.281e-06,2.551e-06,7.18e-06,5.305e-06,2.551e-06
5.604e-06,2.14e-06,7.67e-06,5.795e-06,3.02e-06
5.708e-06,2.12e-06,8.02e-06,5.79e-06,3.34e-06
5.217e-06,2.01e-06,7.351e-06,5.62e-06,2.01e-06
5.467e-06,2.44e-06,7.71e-06,5.575e-06,2.71e-06
5.479e-06,2.49e-06,7.74e-06,5.655e-06,2.82e-06
5.492e-06,2.5e-06,7.78e-06,5.675e-06,2.72e-06
5.451e-06,2.35e-06,7.71e-06,5.58e-06,2.98e-06
5.208e-06,2.52e-06,7.35e-06,5.256e-06,2.62e-06
5.692e-06,2.5e-06,7.85e-06,6.015e-06,2.74e-06
5.382e-06,2.39e-06,7.6e-06,5.43e-06,2.78e-06
5.393e-06,2.38e-06,7.66e-06,5.63e-06,2.38e-06
5.379e-06,2.47e-06,7.4e-06,5.69e-06,2.88e-06
5.274e-06,2.63e-06,7.35e-06,5.41e-06,2.63e-06
5.547e-06,2.31e-06,7.8e-06,5.715e-06,2.94e-06
5.279e-06,2.43e-06,7.4e-06,5.58e-06,2.43e-06
5.442e-06,2.57e-06,7.67e-06,5.625e-06,2.57e-06
5.875e-06,2.86e-06,7.81e-06,5.881e-06,2.86e-06
5.06e-06,2.3e-06,6.77e-06,4.901e-06,2.3e-06
5.382e-06,2.55e-06,7.59e-06,5.425e-06,2.76e-06
5.778e-06,1.96e-06,8.05e-06,5.88e-06,3.32e-06
5.358e-06,2.5e-06,7.5e-06,5.465e-06,2.65e-06
5.512e-06,2.51e-06,7.69e-06,5.8e-06,2.51e-06
5.652e-06,2.17e-06,7.68e-06,5.93e-06,3.09e-06
5.288e-06,2.55e-06,7.43e-06,5.55e-06,2.67e-06
5.278e-06,2.17e-06,7.39e-06,5.49e-06,2.17e-06
5.197e-06,2.53e-06,7.43e-06,5.196e-06,2.53e-06
5.275e-06,2.58e-06,7.41e-06,5.405e-06,2.58e-06
5.733e-06,2.18e-06,7.89e-06,6.095e-06,3.07e-06
5.433e-06,2.641e-06,7.5e-06,5.655e-06,2.641e-06
5.306e-06,2.58e-06,7.49e-06,5.305e-06,2.58e-06
5.208e-06,2.44e-06,7.24e-06,5.245e-06,2.44e-06
5.225e-06,2.521e-06,7.39e-06,5.28e-06,2.521e-06
5.777e-06,1.99e-06,7.77e-06,6.135e-06,3.24e-06
5.11e-06,2.18e-06,7.23e-06,5.1e-06,2.18e-06
5.526e-06,2.35e-06,7.72e-06,5.62e-06,2.951e-06
5.333e-06,2.5e-06,7.63e-06,5.445e-06,2.61e-06
5.445e-06,1.86e-06,7.79e-06,5.865e-06,1.86e-06
5.761e-06,2.06e-06,8.12e-06,5.83e-06,3.24e-06
5.678e-06,2.14e-06,7.68e-06,5.9e-06,3.25e-06
5.353e-06,2.59e-06,7.49e-06,5.43e-06,2.7e-06
5.522e-06,2.23e-06,7.62e-06,5.865e-06,3.04e-06
5.203e-06,2.24e-06,7.42e-06,5.22e-06,2.24e-06
5.384e-06,2.58e-06,7.35e-06,5.64e-06,2.75e-06
5.393e-06,2.51e-06,7.56e-06,5.621e-06,2.73e-06
5.29e-06,2.53e-06,7.39e-06,5.35e-06,2.53e-06
5.28e-06,2.59e-06,7.551e-06,5.29e-06,2.62e-06
5.31e-06,2.6e-06,7.44e-06,5.355e-06,2.6e-06
5.493e-06,2.25e-06,7.61e-06,5.74e-06,3.03e-06
5.37e-06,2.1e-06,7.75e-06,5.58e-06,2.1e-06
5.337e-06,2.5e-06,7.63e-06,5.31e-06,2.8e-06
5.423e-06,2.49e-06,7.51e-06,5.415e-06,2.9e-06
5.259e-06,2.16e-06,7.46e-06,5.535e-06,2.16e-06
5.468e-06,2.43e-06,7.561e-06,5.521e-06,2.82e-06
5.756e-06,2.28e-06,8.09e-06,6.03e-06,3.02e-06
5.288e-06,2.57e-06,7.41e-06,5.46e-06,2.68e-06
5.405e-06,2.49e-06,7.3e-06,5.44e-06,2.68e-06
5.242e-06,2.39e-06,7.37e-06,5.19e-06,2.39e-06
5.328e-06,2.48e-06,7.55e-06,5.57e-06,2.48e-06
5.59e-06,2.53e-06,7.5e-06,5.965e-06,2.78e-06
5.576e-06,2.53e-06,7.741e-06,5.87e-06,2.79e-06
5.532e-06,2.261e-06,7.66e-06,5.685e-06,2.95e-06
5.694e-06,2.24e-06,7.96e-06,5.94e-06,2.97e-06
5.323e-06,2.44e-06,7.39e-06,5.25e-06,2.79e-06
5.431e-06,2.47e-06,7.4e-06,5.71e-06,2.85e-06
5.597e-06,2.46e-06,7.47e-06,5.88e-06,3e-06
5.217e-06,2.31e-06,7.18e-06,5.35e-06,2.31e-06
5.329e-06,2.45e-06,7.621e-06,5.39e-06,2.45e-06
5.585e-06,2.12e-06,7.75e-06,5.84e-06,3.09e-06
5.353e-06,2.53e-06,7.49e-06,5.435e-06,2.73e-06
5.461e-06,2.56e-06,7.68e-06,5.58e-06,2.731e-06
5.655e-06,2.23e-06,7.92e-06,5.811e-06,3.07e-06
5.312e-06,2.52e-06,7.46e-06,5.375e-06,2.87e-06
5.324e-06,2.641e-06,7.4e-06,5.385e-06,2.641e-06
5.511e-06,2.25e-06,7.761e-06,5.845e-06,3.07e-06
5.42e-06,2.48e-06,7.67e-06,5.505e-06,2.81e-06
5.475e-06,2.12e-06,7.71e-06,5.525e-06,3.081e-06
5.141e-06,2.38e-06,7.28e-06,5.195e-06,2.38e-06
5.424e-06,2.56e-06,7.47e-06,5.48e-06,3.06e-06
5.21e-06,2.29e-06,7.38e-06,5.26e-06,2.29e-06
5.392e-06,2.63e-06,7.5e-06,5.541e-06,2.63e-06
5.518e-06,2.28e-06,7.631e-06,5.725e-06,2.96e-06
5.459e-06,2.87e-06,7.68e-06,5.585e-06,2.87e-06
5.286e-06,2.61e-06,7.45e-06,5.355e-06,2.61e-06
5.413e-06,2.3e-06,7.53e-06,5.625e-06,2.9e-06
5.209e-06,2.49e-06,7.001e-06,5.31e-06,2.49e-06
5.553e-06,2.52e-06,7.7e-06,5.76e-06,2.81e-06
5.256e-06,2.45e-06,7.36e-06,5.41e-06,2.45e-06
5.43e-06,2.65e-06,7.58e-06,5.61e-06,2.65e-06
5.38e-06,2.48e-06,7.79e-06,5.486e-06,2.48e-06
5.267e-06,2.22e-06,7.57e-06,5.395e-06,2.22e-06
5.335e-06,2.61e-06,7.41e-06,5.54e-06,2.61e-06
5.353e-06,2.53e-06,7.81e-06,5.49e-06,2.67e-06
5.409e-06,2.57e-06,7.52e-06,5.675e-06,2.57e-06
5.417e-06,2.71e-06,7.67e-06,5.52e-06,2.71e-06
5.681e-06,2.36e-06,7.93e-06,5.726e-06,2.98e-06
5.242e-06,2.5e-06,7.23e-06,5.585e-06,2.67e-06
5.338e-06,2.54e-06,7.51e-06,5.41e-06,2.66e-06
5.256e-06,2.46e-06,7.34e-06,5.28e-06,2.75e-06
5.353e-06,2.55e-06,7.69e-06,5.34e-06,2.8e-06
5.609e-06,2.26e-06,8.01e-06,5.965e-06,2.91e-06
5.303e-06,2.56e-06,7.56e-06,5.38e-06,2.56e-06
5.318e-06,2.54e-06,7.42e-06,5.415e-06,2.69e-06
5.305e-06,2.61e-06,7.47e-06,5.385e-06,2.61e-06
5.291e-06,2.571e-06,7.35e-06,5.44e-06,2.61e-06
5.518e-06,2.06e-06,7.54e-06,5.795e-06,3.2e-06
5.303e-06,2.67e-06,7.52e-06,5.325e-06,2.67e-06
5.554e-06,2.9e-06,7.67e-06,5.715e-06,2.93e-06
9.872e-06,2.01e-06,1.596e-05,9.921e-06,1.1361e-05
5.528e-06,2.51e-06,7.67e-06,5.675e-06,2.78e-06
5.294e-06,2.58e-06,7.43e-06,5.475e-06,2.58e-06
5.668e-06,2.59e-06,8.1e-06,5.92e-06,2.75e-06
5.706e-06,2.15e-06,7.95e-06,6.065e-06,3.14e-06
5.368e-06,2.43e-06,7.39e-06,5.51e-06,2.8e-06
5.355e-06,2.581e-06,7.47e-06,5.45e-06,2.83e-06
5.432e-06,2.35e-06,7.61e-06,5.631e-06,2.9e-06
5.313e-06,2.77e-06,7.361e-06,5.44e-06,2.79e-06
5.337e-06,2.48e-06,7.5e-06,5.36e-06,2.48e-06
5.268e-06,2.56e-06,7.36e-06,5.365e-06,2.56e-06
5.437e-06,2.64e-06,7.49e-06,5.58e-06,2.73e-06
5.408e-06,2.35e-06,7.67e-06,5.751e-06,2.35e-06
5.46e-06,2.34e-06,7.96e-06,5.36e-06,3.12e-06
5.56e-06,2.44e-06,7.85e-06,5.73e-06,3e-06
5.294e-06,2.6e-06,7.401e-06,5.455e-06,2.77e-06
5.34e-06,2.44e-06,7.51e-06,5.425e-06,2.86e-06
5.277e-06,2.34e-06,7.44e-06,5.41e-06,2.34e-06
5.299e-06,2.44e-06,7.38e-06,5.265e-06,2.44e-06
5.485e-06,2.3e-06,7.67e-06,5.61e-06,3.07e-06
5.23e-06,2.55e-06,7.29e-06,5.3e-06,2.55e-06
5.695e-06,2.31e-06,7.81e-06,5.861e-06,3e-06
5.211e-06,2.33e-06,7.4e-06,5.525e-06,2.33e-06
5.324e-06,2.64e-06,7.29e-06,5.505e-06,2.64e-06
5.346e-06,2.42e-06,7.54e-06,5.425e-06,2.42e-06
5.322e-06,2.5e-06,7.4e-06,5.521e-06,2.5e-06
5.414e-06,2.53e-06,7.47e-06,5.45e-06,2.53e-06
5.485e-06,2.29e-06,7.62e-06,5.68e-06,2.93e-06
5.395e-06,2.62e-06,7.63e-06,5.755e-06,2.62e-06
5.99e-06,2.02e-06,8.45e-06,6.3e-06,3.551e-06
5.385e-06,2.43e-06,7.7e-06,5.676e-06,2.86e-06
5.439e-06,2.53e-06,7.55e-06,5.67e-06,2.78e-06
5.274e-06,2.57e-06,7.27e-06,5.37e-06,2.771e-06
5.354e-06,2.62e-06,7.52e-06,5.325e-06,2.62e-06
5.401e-06,2.44e-06,7.52e-06,5.44e-06,2.85e-06
5.206e-06,2.47e-06,7.49e-06,5.455e-06,2.47e-06
5.305e-06,2.38e-06,7.58e-06,5.435e-06,2.38e-06
5.199e-06,2.45e-06,7.35e-06,5.2e-06,2.45e-06
5.265e-06,2.56e-06,7.41e-06,5.24e-06,2.62e-06
5.361e-06,2.69e-06,7.45e-06,5.575e-06,2.81e-06
5.342e-06,2.56e-06,7.35e-06,5.645e-06,2.56e-06
5.813e-06,2.3e-06,8.08e-06,6.135e-06,3.38e-06
5.287e-06,2.35e-06,7.48e-06,5.58e-06,2.35e-06
5.451e-06,2.38e-06,7.65e-06,5.53e-06,2.8e-06
5.239e-06,2.26e-06,7.43e-06,5.21e-06,2.26e-06
5.406e-06,2.29e-06,7.52e-06,5.56e-06,2.89e-06
5.481e-06,2.51e-06,7.78e-06,5.665e-06,2.74e-06
5.495e-06,2.6e-06,7.68e-06,5.88e-06,2.72e-06
5.363e-06,2.59e-06,7.53e-06,5.485e-06,2.59e-06
5.348e-06,2.521e-06,7.73e-06,5.435e-06,2.67e-06
5.656e-06,2.12e-06,7.91e-06,5.915e-06,3.08e-06
5.355e-06,2.56e-06,7.411e-06,5.45e-06,2.62e-06
5.322e-06,2.53e-06,7.111e-06,5.53e-06,2.71e-06
5.267e-06,2.59e-06,7.3e-06,5.201e-06,2.59e-06
5.468e-06,2.52e-06,7.88e-06,5.59e-06,2.76e-06
5.267e-06,2.57e-06,7.29e-06,5.435e-06,2.67e-06
5.256e-06,2.56e-06,7.26e-06,5.43e-06,2.56e-06
5.289e-06,2.54e-06,7.16e-06,5.395e-06,2.73e-06
5.603e-06,2.37e-06,7.661e-06,5.78e-06,3.16e-06
5.18e-06,2.35e-06,7.26e-06,5.18e-06,2.35e-06
5.492e-06,2.24e-06,7.66e-06,5.791e-06,2.95e-06
5.743e-06,2.37e-06,7.97e-06,5.985e-06,3.05e-06
5.256e-06,2.53e-06,7.49e-06,5.32e-06,2.53e-06
5.272e-06,2.34e-06,7.23e-06,5.285e-06,2.89e-06
5.263e-06,2.41e-06,7.21e-06,5.415e-06,2.8e-06
5.407e-06,2.53e-06,7.591e-06,5.685e-06,2.53e-06
5.641e-06,2.16e-06,7.87e-06,5.93e-06,3.14e-06
5.705e-06,2.03e-06,8.12e-06,6.096e-06,3.09e-06
5.449e-06,2.37e-06,7.62e-06,5.665e-06,2.97e-06
5.417e-06,2.59e-06,7.46e-06,5.63e-06,2.59e-06
5.288e-06,2.54e-06,7.54e-06,5.42e-06,2.7e-06
5.233e-06,2.65e-06,7.34e-06,5.395e-06,2.65e-06
5.702e-06,2.09e-06,8.001e-06,6.075e-06,3.2e-06
5.198e-06,2.21e-06,7.34e-06,5.275e-06,2.21e-06
5.602e-06,2.3e-06,7.771e-06,5.65e-06,2.97e-06
5.428e-06,2.37e-06,7.49e-06,5.465e-06,3.23e-06
5.276e-06,2.491e-06,7.12e-06,5.35e-06,2.491e-06
5.616e-06,2.39e-06,7.531e-06,5.77e-06,3.08e-06
5.409e-06,2.74e-06,7.62e-06,5.54e-06,2.76e-06
5.468e-06,2.5e-06,7.681e-06,5.705e-06,2.851e-06
5.837e-06,1.95e-06,8.16e-06,6.401e-06,1.95e-06
5.469e-06,2.58e-06,7.641e-06,5.606e-06,2.58e-06
5.94e-06,2.01e-06,8.43e-06,6.41e-06,3.18e-06
5.322e-06,2.6e-06,7.19e-06,5.465e-06,2.7e-06
5.608e-06,2.33e-06,7.85e-06,5.891e-06,2.89e-06
5.719e-06,2.4e-06,8.02e-06,6.16e-06,2.86e-06
1.006e-05,1.93e-06,1.4291e-05,1.178e-05,1.93e-06
5.181e-06,2.181e-06,7.59e-06,5.175e-06,2.181e-06
5.288e-06,2.52e-06,7.38e-06,5.376e-06,2.67e-06
5.276e-06,2.59e-06,7.4e-06,5.36e-06,2.59e-06
5.71e-06,2.41e-06,8.13e-06,6.03e-06,2.821e-06
5.353e-06,2.48e-06,7.46e-06,5.525e-06,2.71e-06
5.557e-06,2.19e-06,7.73e-06,5.79e-06,3.04e-06
5.331e-06,2.57e-06,7.431e-06,5.53e-06,2.701e-06
5.735e-06,2.12e-06,8.01e-06,5.971e-06,3.24e-06
5.291e-06,2.34e-06,7.08e-06,5.705e-06,2.34e-06
5.494e-06,2.12e-06,7.77e-06,5.76e-06,3.03e-06
5.716e-06,2.23e-06,8.03e-06,5.995e-06,3.1e-06
5.48e-06,2.48e-06,7.79e-06,5.79e-06,2.48e-06
5.312e-06,2.64e-06,7.33e-06,5.465e-06,2.73e-06
5.688e-06,2.11e-06,7.871e-06,5.875e-06,3.14e-06
5.377e-06,2.44e-06,7.54e-06,5.55e-06,2.74e-06
5.347e-06,2.571e-06,7.43e-06,5.605e-06,2.66e-06
5.767e-06,2.37e-06,8.11e-06,6.15e-06,3.06e-06
5.725e-06,2.2e-06,8.02e-06,6.11e-06,3.06e-06
5.321e-06,2.53e-06,7.38e-06,5.325e-06,2.82e-06
5.421e-06,2.52e-06,7.56e-06,5.615e-06,2.52e-06
5.371e-06,2.32e-06,7.671e-06,5.53e-06,2.32e-06
5.32e-06,2.41e-06,7.56e-06,5.486e-06,2.74e-06
5.335e-06,2.55e-06,7.48e-06,5.535e-06,2.83e-06
5.349e-06,2.5e-06,7.58e-06,5.38e-06,2.68e-06
5.583e-06,2.22e-06,7.89e-06,5.805e-06,3.13e-06
5.138e-06,2.41e-06,7.41e-06,5.09e-06,2.41e-06
5.196e-06,2.5e-06,7.21e-06,5.185e-06,2.5e-06
5.352e-06,2.53e-06,7.561e-06,5.455e-06,2.62e-06
5.407e-06,2.43e-06,7.55e-06,5.551e-06,2.85e-06
5.362e-06,2.61e-06,7.57e-06,5.49e-06,2.62e-06
5.361e-06,2.54e-06,7.36e-06,5.36e-06,2.87e-06
5.636e-06,2.421e-06,7.89e-06,5.855e-06,2.9e-06
5.189e-06,2.64e-06,7.25e-06,5.3e-06,2.67e-06
5.307e-06,2.62e-06,7.5e-06,5.455e-06,2.62e-06
5.372e-06,2.41e-06,7.341e-06,5.545e-06,2.84e-06
5.569e-06,2.26e-06,7.95e-06,5.66e-06,2.96e-06
5.256e-06,2.33e-06,7.52e-06,5.345e-06,2.81e-06
5.372e-06,2.38e-06,7.57e-06,5.481e-06,2.94e-06
5.762e-06,2e-06,7.99e-06,5.935e-06,3.52e-06
5.356e-06,2.55e-06,7.54e-06,5.33e-06,2.85e-06
5.415e-06,2.41e-06,7.63e-06,5.485e-06,2.9e-06
5.264e-06,2.17e-06,7.13e-06,5.485e-06,2.17e-06
5.348e-06,2.47e-06,7.53e-06,5.365e-06,2.88e-06
5.493e-06,2.41e-06,7.4e-06,5.72e-06,2.81e-06
5.296e-06,2.57e-06,7.46e-06,5.395e-06,2.641e-06
5.422e-06,2.4e-06,7.54e-06,5.65e-06,2.83e-06
5.395e-06,2.47e-06,7.66e-06,5.481e-06,2.47e-06
5.232e-06,2.59e-06,7.38e-06,5.295e-06,2.651e-06
5.316e-06,2.57e-06,7.35e-06,5.635e-06,2.57e-06
5.583e-06,2.46e-06,7.89e-06,5.885e-06,2.78e-06
5.332e-06,2.53e-06,7.37e-06,5.45e-06,2.711e-06
5.521e-06,2.46e-06,7.93e-06,5.7e-06,2.46e-06
5.583e-06,2.07e-06,7.75e-06,5.775e-06,3.36e-06
5.911e-06,2.35e-06,7.81e-06,5.976e-06,5.28e-06
5.74e-06,2.14e-06,8.02e-06,5.885e-06,3.28e-06
5.362e-06,2.58e-06,7.55e-06,5.525e-06,2.72e-06
5.38e-06,2.51e-06,7.51e-06,5.445e-06,2.77e-06
5.225e-06,2.39e-06,7.44e-06,5.265e-06,2.39e-06
5.451e-06,2.72e-06,7.47e-06,5.595e-06,2.79e-06
5.768e-06,2.13e-06,8.12e-06,5.93e-06,3.2e-06
5.229e-06,2.61e-06,7.53e-06,5.335e-06,2.61e-06
5.36e-06,2.45e-06,7.5e-06,5.59e-06,2.76e-06
6.799e-06,1.94e-06,9.32e-06,7.47e-06,4.55e-06
5.147e-06,2.46e-06,6.94e-06,5.225e-06,2.46e-06
5.365e-06,2.23e-06,7.65e-06,5.555e-06,2.23e-06
5.293e-06,2.44e-06,7.39e-06,5.25e-06,2.8e-06
5.214e-06,2.6e-06,7.17e-06,5.265e-06,2.6e-06
5.48e-06,2.51e-06,7.64e-06,5.78e-06,2.64e-06
5.365e-06,2.5e-06,7.49e-06,5.51e-06,2.71e-06
5.336e-06,2.51e-06,7.42e-06,5.315e-06,2.71e-06
5.412e-06,2.43e-06,7.44e-06,5.405e-06,2.81e-06
5.24e-06,2.58e-06,7.38e-06,5.295e-06,2.7e-06
5.211e-06,2.53e-06,7.3e-06,5.305e-06,2.53e-06
5.319e-06,2.57e-06,7.36e-06,5.571e-06,2.57e-06
5.32e-06,2.75e-06,7.29e-06,5.35e-06,2.75e-06
5.402e-06,2.54e-06,7.62e-06,5.525e-06,2.83e-06
5.279e-06,2.52e-06,7.45e-06,5.375e-06,2.52e-06
5.429e-06,2.44e-06,7.621e-06,5.575e-06,2.82e-06
5.511e-06,2.38e-06,7.6e-06,5.7e-06,2.97e-06
5.355e-06,2.5e-06,7.53e-06,5.45e-06,2.5e-06
5.305e-06,2.58e-06,7.42e-06,5.495e-06,2.7e-06
5.247e-06,2.49e-06,7.17e-06,5.406e-06,2.77e-06
5.267e-06,2.4e-06,7.26e-06,5.48e-06,2.72e-06
5.417e-06,2.43e-06,7.62e-06,5.465e-06,3.08e-06
5.368e-06,2.5e-06,7.541e-06,5.62e-06,2.67e-06
5.454e-06,2.47e-06,7.55e-06,5.615e-06,2.98e-06
5.277e-06,2.52e-06,7.21e-06,5.38e-06,2.65e-06
5.546e-06,2.23e-06,7.53e-06,5.701e-06,3.16e-06
5.241e-06,2.47e-06,7.39e-06,5.326e-06,2.76e-06
5.687e-06,2.29e-06,7.96e-06,6.045e-06,2.95e-06
5.629e-06,2.5e-06,7.73e-06,5.68e-06,3.04e-06
5.38e-06,2.45e-06,7.591e-06,5.47e-06,2.681e-06
5.602e-06,2.05e-06,7.61e-06,5.815e-06,3.2e-06
5.784e-06,2.46e-06,9.42e-06,5.885e-06,2.68e-06
5.209e-06,1.92e-06,7.45e-06,5.295e-06,1.92e-06
5.219e-06,2.42e-06,7.46e-06,5.1e-06,2.42e-06
5.361e-06,2.53e-06,7.5e-06,5.406e-06,2.73e-06
5.537e-06,2.3e-06,7.78e-06,5.75e-06,2.9e-06
5.281e-06,2.46e-06,7.401e-06,5.445e-06,2.46e-06
5.339e-06,2.51e-06,7.38e-06,5.435e-06,2.72e-06
5.394e-06,2.51e-06,7.63e-06,5.54e-06,2.74e-06
5.395e-06,2.49e-06,7.57e-06,5.56e-06,2.77e-06
5.463e-06,2.44e-06,7.4e-06,5.72e-06,2.75e-06
5.712e-06,2.08e-06,7.83e-06,5.87e-06,3.37e-06
5.36e-06,2.59e-06,7.58e-06,5.58e-06,2.74e-06
5.64e-06,2.49e-06,7.981e-06,5.746e-06,2.75e-06
5.172e-06,2.17e-06,7.43e-06,5.375e-06,2.17e-06
5.475e-06,2.43e-06,7.76e-06,5.78e-06,2.43e-06
5.474e-06,2.42e-06,7.45e-06,5.715e-06,2.87e-06
5.476e-06,2.21e-06,7.58e-06,5.645e-06,2.93e-06
5.477e-06,2.32e-06,7.6e-06,5.5e-06,3.17e-06
5.445e-06,2.37e-06,7.6e-06,5.555e-06,2.37e-06
5.275e-06,2.52e-06,7.301e-06,5.245e-06,2.74e-06
5.581e-06,2.46e-06,7.81e-06,5.835e-06,2.86e-06
6.403e-06,1.54e-06,8.76e-06,6.951e-06,1.54e-06
5.679e-06,2.23e-06,7.92e-06,5.8e-06,3.06e-06
5.25e-06,2.31e-06,7.55e-06,5.4e-06,2.96e-06
5.338e-06,2.53e-06,7.52e-06,5.48e-06,2.69e-06
5.379e-06,2.55e-06,7.35e-06,5.6e-06,2.55e-06
5.23e-06,2.57e-06,7.55e-06,5.21e-06,2.6e-06
5.272e-06,2.63e-06,7.54e-06,5.266e-06,2.63e-06
5.235e-06,2.3e-06,7.57e-06,5.205e-06,2.85e-06
5.215e-06,2.51e-06,7.31e-06,5.18e-06,2.51e-06
5.421e-06,2.56e-06,7.56e-06,5.616e-06,2.56e-06
5.26e-06,2.45e-06,7.31e-06,5.215e-06,2.76e-06
5.308e-06,2.51e-06,7.19e-06,5.55e-06,2.66e-06
5.623e-06,2.3e-06,7.89e-06,5.8e-06,2.93e-06
5.285e-06,2.57e-06,7.58e-06,5.335e-06,2.74e-06
5.425e-06,2.5e-06,7.67e-06,5.485e-06,2.84e-06
5.646e-06,2.09e-06,7.59e-06,5.9e-06,3.211e-06
5.222e-06,2.44e-06,7.25e-06,5.22e-06,2.44e-06
5.459e-06,2.46e-06,7.56e-06,5.565e-06,2.69e-06
5.293e-06,2.44e-06,7.46e-06,5.221e-06,2.831e-06
5.243e-06,2.511e-06,7.09e-06,5.465e-06,2.68e-06
5.421e-06,2.39e-06,7.53e-06,5.62e-06,2.84e-06
5.381e-06,2.43e-06,7.38e-06,5.5e-06,2.781e-06
5.498e-06,2.67e-06,7.7e-06,5.68e-06,2.68e-06
5.615e-06,2.42e-06,7.75e-06,5.906e-06,3.14e-06
5.619e-06,2.23e-06,7.78e-06,5.765e-06,3.201e-06
5.333e-06,2.56e-06,7.53e-06,5.22e-06,2.66e-06
5.16e-06,2.52e-06,7.46e-06,5.23e-06,2.52e-06
5.508e-06,2.14e-06,7.68e-06,5.731e-06,3.05e-06
5.537e-06,2.41e-06,7.79e-06,5.725e-06,2.77e-06
5.318e-06,2.58e-06,7.48e-06,5.41e-06,2.58e-06
5.331e-06,2.5e-06,7.25e-06,5.366e-06,2.84e-06
5.172e-06,2.5e-06,7.23e-06,5.405e-06,2.5e-06
5.327e-06,2.61e-06,7.54e-06,5.375e-06,2.61e-06
5.4e-06,2.51e-06,7.58e-06,5.67e-06,2.9e-06
5.362e-06,2.44e-06,7.521e-06,5.47e-06,2.81e-06
5.669e-06,2.01e-06,7.66e-06,6.05e-06,3.18e-06
5.35e-06,2.54e-06,7.5e-06,5.59e-06,2.54e-06
5.371e-06,2.41e-06,7.54e-06,5.365e-06,2.76e-06
5.26e-06,2.65e-06,7.3e-06,5.375e-06,2.67e-06
5.545e-06,2.13e-06,7.69e-06,5.78e-06,3.13e-06
5.21e-06,2.42e-06,7.38e-06,5.285e-06,2.42e-06
5.293e-06,2.44e-06,7.271e-06,5.26e-06,2.72e-06
5.186e-06,2.57e-06,7.04e-06,5.16e-06,2.62e-06
5.331e-06,2.36e-06,7.44e-06,5.43e-06,2.83e-06
5.605e-06,2.24e-06,7.93e-06,5.756e-06,2.95e-06
5.405e-06,2.56e-06,7.63e-06,5.625e-06,2.56e-06
5.477e-06,2.26e-06,7.68e-06,5.66e-06,3e-06
5.34e-06,2.42e-06,7.28e-06,5.475e-06,2.82e-06
5.351e-06,2.35e-06,7.371e-06,5.37e-06,2.87e-06
5.46e-06,2.26e-06,7.63e-06,5.475e-06,2.89e-06
5.858e-06,1.96e-06,8.17e-06,6.13e-06,3.46e-06
5.464e-06,2.52e-06,7.74e-06,5.765e-06,2.52e-06
5.477e-06,2.62e-06,7.66e-06,5.795e-06,2.62e-06
5.741e-06,2.43e-06,8.13e-06,6.075e-06,2.76e-06
5.95e-06,2.05e-06,8.32e-06,6.186e-06,3.69e-06
5.156e-06,2.37e-06,7.341e-06,5.315e-06,2.37e-06
5.432e-06,2.25e-06,7.52e-06,5.475e-06,2.25e-06
5.362e-06,2.42e-06,7.29e-06,5.375e-06,2.78e-06
5.4e-06,2.38e-06,7.65e-06,5.52e-06,2.78e-06
5.443e-06,2.33e-06,7.57e-06,5.515e-06,2.881e-06
5.503e-06,2.62e-06,1.037e-05,5.28e-06,2.62e-06
9.391e-06,1.75e-06,1.593e-05,9.97e-06,1.75e-06
5.308e-06,2.58e-06,7.25e-06,5.346e-06,2.58e-06
5.679e-06,2e-06,8.04e-06,5.96e-06,3.22e-06
5.286e-06,2.53e-06,7.42e-06,5.335e-06,2.53e-06
5.549e-06,2.58e-06,7.86e-06,5.67e-06,2.65e-06
5.403e-06,2.38e-06,7.44e-06,5.695e-06,2.79e-06
5.273e-06,2.52e-06,7.48e-06,5.35e-06,2.52e-06
5.364e-06,2.61e-06,7.49e-06,5.495e-06,2.61e-06
5.789e-06,2.12e-06,8.12e-06,6.03e-06,2.99e-06
5.271e-06,2.59e-06,7.35e-06,5.45e-06,2.67e-06
5.317e-06,2.6e-06,7.62e-06,5.241e-06,2.61e-06
5.314e-06,2.511e-06,7.53e-06,5.42e-06,2.65e-06
5.399e-06,2.41e-06,7.68e-06,5.255e-06,3.041e-06
5.615e-06,2.25e-06,7.92e-06,5.995e-06,2.92e-06
5.566e-06,2.04e-06,7.64e-06,5.77e-06,3.13e-06
5.58e-06,2.14e-06,7.79e-06,5.74e-06,3.141e-06
5.643e-06,2.08e-06,7.65e-06,5.83e-06,3.24e-06
5.34e-06,2.48e-06,7.4e-06,5.485e-06,2.81e-06
5.733e-06,1.96e-06,7.96e-06,5.89e-06,3.481e-06
5.328e-06,2.39e-06,7.34e-06,5.456e-06,2.83e-06
5.349e-06,2.56e-06,7.58e-06,5.445e-06,2.59e-06
5.388e-06,2.19e-06,7.58e-06,5.405e-06,2.9e-06
5.365e-06,2.39e-06,7.36e-06,5.665e-06,2.81e-06
5.732e-06,1.98e-06,7.9e-06,6.15e-06,3.25e-06
5.383e-06,2.46e-06,7.63e-06,5.566e-06,2.67e-06
5.316e-06,2.41e-06,7.39e-06,5.43e-06,2.81e-06
5.23e-06,2.44e-06,7.23e-06,5.3e-06,2.66e-06
5.347e-06,2.49e-06,7.56e-06,5.58e-06,2.49e-06
5.473e-06,2.45e-06,7.61e-06,5.71e-06,3.09e-06
5.505e-06,2.29e-06,7.771e-06,5.635e-06,2.98e-06
5.596e-06,2.71e-06,7.91e-06,5.845e-06,2.71e-06
5.358e-06,2.45e-06,7.46e-06,5.471e-06,2.78e-06
5.802e-06,2e-06,8.21e-06,6.045e-06,3.31e-06
5.225e-06,2.45e-06,7.34e-06,5.445e-06,2.45e-06
5.321e-06,2.49e-06,7.44e-06,5.42e-06,2.66e-06
5.318e-06,2.49e-06,7.43e-06,5.595e-06,2.74e-06
5.38e-06,2.38e-06,7.571e-06,5.41e-06,2.82e-06
5.44e-06,2.55e-06,7.62e-06,5.691e-06,2.71e-06
5.347e-06,2.49e-06,7.42e-06,5.431e-06,3.05e-06
5.362e-06,2.49e-06,7.45e-06,5.44e-06,2.68e-06
5.254e-06,2.44e-06,7.44e-06,5.355e-06,2.44e-06
5.381e-06,2.5e-06,7.19e-06,5.585e-06,2.82e-06
5.458e-06,2.41e-06,7.66e-06,5.595e-06,2.95e-06
5.428e-06,2.25e-06,7.561e-06,5.55e-06,2.89e-06
5.59e-06,2.35e-06,7.88e-06,5.805e-06,2.83e-06
5.232e-06,2.58e-06,7.4e-06,5.336e-06,2.58e-06
5.33e-06,2.63e-06,7.37e-06,5.46e-06,2.63e-06
5.323e-06,2.52e-06,7.46e-06,5.415e-06,2.7e-06
5.244e-06,2.17e-06,7.58e-06,5.275e-06,2.17e-06
5.356e-06,2.75e-06,7.52e-06,5.355e-06,2.77e-06
5.309e-06,2.34e-06,7.581e-06,5.355e-06,2.81e-06
5.598e-06,2.22e-06,7.5e-06,5.921e-06,2.94e-06
5.27e-06,2.53e-06,7.04e-06,5.485e-06,2.53e-06
5.615e-06,2.45e-06,8.01e-06,5.87e-06,2.83e-06
5.542e-06,2.1e-06,7.82e-06,5.88e-06,3.09e-06
5.394e-06,2.43e-06,7.49e-06,5.51e-06,2.78e-06
5.363e-06,2.36e-06,7.52e-06,5.45e-06,2.871e-06
5.453e-06,2.24e-06,7.761e-06,5.535e-06,3.05e-06
5.408e-06,2.71e-06,7.54e-06,5.495e-06,2.71e-06
5.243e-06,2.551e-06,7.08e-06,5.445e-06,2.551e-06
5.396e-06,2.56e-06,7.86e-06,5.466e-06,2.66e-06
5.506e-06,2.32e-06,7.81e-06,5.73e-06,2.87e-06
5.358e-06,2.55e-06,7.53e-06,5.56e-06,2.631e-06
5.487e-06,2.56e-06,7.56e-06,5.74e-06,2.56e-06
5.31e-06,2.46e-06,7.59e-06,5.395e-06,2.76e-06
5.217e-06,2.631e-06,7.29e-06,5.35e-06,2.631e-06
5.583e-06,2.35e-06,7.83e-06,5.915e-06,2.78e-06
5.337e-06,2.48e-06,7.42e-06,5.475e-06,2.77e-06
5.713e-06,2.17e-06,7.99e-06,5.995e-06,3.29e-06
5.135e-06,2.67e-06,7.24e-06,4.911e-06,2.67e-06
5.651e-06,2.011e-06,7.66e-06,6.005e-06,3.18e-06
5.416e-06,2.6e-06,7.47e-06,5.59e-06,2.63e-06
5.437e-06,2.74e-06,7.7e-06,5.51e-06,2.77e-06
5.398e-06,2.49e-06,7.52e-06,5.45e-06,2.81e-06
5.569e-06,2.06e-06,7.87e-06,5.85e-06,3.15e-06
1.0473e-05,2.45e-06,2.794e-05,8.365e-06,1.002e-05
7.898e-06,1.96e-06,1.1951e-05,9.221e-06,4.09e-06
5.648e-06,2.15e-06,7.811e-06,5.945e-06,3.15e-06
5.481e-06,2.38e-06,7.6e-06,5.81e-06,2.78e-06
5.335e-06,2.59e-06,7.54e-06,5.535e-06,2.59e-06
5.344e-06,2.51e-06,7.38e-06,5.395e-06,2.61e-06
5.372e-06,2.7e-06,7.47e-06,5.34e-06,2.7e-06
5.349e-06,2.44e-06,7.46e-06,5.625e-06,2.44e-06
5.601e-06,2.23e-06,7.77e-06,5.77e-06,2.95e-06
5.28e-06,2.36e-06,7.491e-06,5.465e-06,2.36e-06
5.293e-06,2.4e-06,7.42e-06,5.25e-06,2.81e-06
5.39e-06,2.6e-06,7.6e-06,5.67e-06,2.6e-06
5.405e-06,2.4e-06,7.47e-06,5.605e-06,2.87e-06
5.403e-06,2.49e-06,7.51e-06,5.545e-06,2.75e-06
5.387e-06,2.49e-06,7.66e-06,5.336e-06,2.89e-06
5.576e-06,2.07e-06,7.78e-06,5.67e-06,3.25e-06
5.217e-06,2.43e-06,7.291e-06,5.13e-06,2.43e-06
5.374e-06,2.53e-06,7.55e-06,5.52e-06,2.66e-06
5.292e-06,2.49e-06,7.57e-06,5.51e-06,2.71e-06
5.375e-06,2.34e-06,7.53e-06,5.541e-06,2.77e-06
5.734e-06,2.07e-06,8.08e-06,6.015e-06,3.17e-06
5.354e-06,2.45e-06,7.52e-06,5.35e-06,2.77e-06
5.382e-06,2.62e-06,7.17e-06,5.815e-06,2.75e-06
5.35e-06,2.1e-06,7.351e-06,5.625e-06,2.1e-06
5.348e-06,2.5e-06,7.6e-06,5.49e-06,2.77e-06
5.822e-06,2.23e-06,8.22e-06,6.205e-06,2.95e-06
5.768e-06,2.22e-06,8.02e-06,5.935e-06,3.43e-06
5.328e-06,2.7e-06,7.4e-06,5.475e-06,2.7e-06
5.283e-06,2.57e-06,7.45e-06,5.211e-06,2.65e-06
5.252e-06,2.11e-06,7.35e-06,5.47e-06,2.11e-06
5.341e-06,2.43e-06,7.5e-06,5.455e-06,2.43e-06
5.57e-06,2.3e-06,7.66e-06,5.945e-06,2.9e-06
5.619e-06,2.14e-06,7.9e-06,5.86e-06,3.16e-06
5.37e-06,2.53e-06,7.58e-06,5.395e-06,2.65e-06
5.323e-06,2.49e-06,7.49e-06,5.475e-06,2.76e-06
5.702e-06,2.05e-06,8.21e-06,5.976e-06,3.211e-06
5.505e-06,2.26e-06,7.72e-06,5.555e-06,2.98e-06
5.148e-06,2.53e-06,6.98e-06,5.115e-06,2.72e-06
5.368e-06,2.58e-06,7.42e-06,5.525e-06,2.701e-06
5.685e-06,2.23e-06,8.03e-06,5.95e-06,2.97e-06
5.352e-06,2.58e-06,7.4e-06,5.55e-06,2.58e-06
5.393e-06,2.33e-06,7.63e-06,5.5e-06,2.851e-06
5.678e-06,2.34e-06,7.88e-06,5.936e-06,3.16e-06
5.436e-06,2.73e-06,7.26e-06,5.585e-06,2.87e-06
5.211e-06,2.56e-06,7.141e-06,5.145e-06,2.56e-06
5.336e-06,2.59e-06,7.59e-06,5.395e-06,2.6e-06
5.275e-06,2.61e-06,7.44e-06,5.411e-06,2.74e-06
5.333e-06,2.591e-06,7.63e-06,5.46e-06,2.66e-06
5.35e-06,2.5e-06,7.21e-06,5.525e-06,2.5e-06
5.351e-06,2.38e-06,7.42e-06,5.63e-06,2.38e-06
5.575e-06,2.07e-06,7.82e-06,5.715e-06,3.17e-06
8.982e-06,2.01e-06,1.1861e-05,1.008e-05,2.01e-06
5.279e-06,2.47e-06,7.29e-06,5.245e-06,2.47e-06
5.369e-06,2.73e-06,7.62e-06,5.465e-06,2.74e-06
5.304e-06,2.61e-06,7.46e-06,5.455e-06,2.61e-06
5.324e-06,2.48e-06,7.65e-06,5.53e-06,2.75e-06
5.331e-06,2.5e-06,7.42e-06,5.486e-06,2.71e-06
5.28e-06,2.47e-06,7.58e-06,5.365e-06,2.47e-06
5.203e-06,2.54e-06,7.25e-06,5.14e-06,2.54e-06
5.79e-06,2.04e-06,8.12e-06,6.065e-06,3.2e-06
5.242e-06,2.57e-06,7.34e-06,5.29e-06,2.63e-06
5.402e-06,2.45e-06,7.63e-06,5.345e-06,2.92e-06
5.612e-06,2.47e-06,8.05e-06,5.795e-06,3e-06
5.314e-06,2.56e-06,7.3e-06,5.49e-06,2.56e-06
5.396e-06,2.58e-06,7.36e-06,5.53e-06,2.64e-06
5.3e-06,2.48e-06,7.58e-06,5.415e-06,2.48e-06
5.253e-06,2.5e-06,7.37e-06,5.35e-06,2.5e-06
5.521e-06,2.88e-06,7.48e-06,5.92e-06,3.671e-06
4.665e-06,2.41e-06,6.56e-06,4.6e-06,2.41e-06
5.105e-06,2.41e-06,7.34e-06,4.965e-06,2.41e-06
5.295e-06,2.47e-06,7.62e-06,5.211e-06,2.841e-06
5.282e-06,2.47e-06,7.29e-06,5.38e-06,2.82e-06
5.264e-06,2.55e-06,7.19e-06,5.4e-06,2.55e-06
5.651e-06,2.26e-06,8e-06,5.961e-06,2.951e-06
5.617e-06,2.01e-06,7.63e-06,5.9e-06,3.15e-06
5.437e-06,2.44e-06,7.63e-06,5.67e-06,2.82e-06
5.284e-06,2.55e-06,7.25e-06,5.505e-06,2.621e-06
5.555e-06,2.11e-06,7.9e-06,5.635e-06,3.18e-06
5.284e-06,2.44e-06,7.23e-06,5.385e-06,2.44e-06
5.274e-06,2.251e-06,7.51e-06,5.4e-06,2.831e-06
5.321e-06,2.81e-06,7.471e-06,5.36e-06,2.81e-06
5.465e-06,2.53e-06,7.65e-06,5.745e-06,2.53e-06
5.769e-06,1.98e-06,7.96e-06,6.015e-06,3.27e-06
5.464e-06,2.41e-06,7.6e-06,5.65e-06,2.8e-06
5.383e-06,2.32e-06,7.45e-06,5.395e-06,2.81e-06
5.331e-06,2.4e-06,7.62e-06,5.62e-06,2.82e-06
5.315e-06,2.34e-06,7.48e-06,5.52e-06,2.34e-06
5.296e-06,2.61e-06,7.151e-06,5.415e-06,2.64e-06
5.315e-06,2.43e-06,7.26e-06,5.45e-06,2.43e-06
5.449e-06,2.55e-06,7.7e-06,5.66e-06,2.55e-06
5.174e-06,2.38e-06,7.02e-06,5.035e-06,3.03e-06
5.347e-06,2.61e-06,7.59e-06,5.506e-06,2.61e-06
5.422e-06,2.35e-06,7.33e-06,5.67e-06,2.9e-06
5.585e-06,2.39e-06,7.85e-06,5.85e-06,2.82e-06
5.355e-06,2.72e-06,7.551e-06,5.345e-06,2.76e-06
5.621e-06,2.161e-06,7.85e-06,5.885e-06,3.07e-06
5.238e-06,2.43e-06,7.16e-06,5.155e-06,2.75e-06
5.34e-06,2.06e-06,7.37e-06,5.7e-06,2.06e-06
6.041e-06,1.92e-06,8.45e-06,6.405e-06,3.76e-06
5.406e-06,2.46e-06,7.47e-06,5.54e-06,2.74e-06
5.386e-06,2.37e-06,7.66e-06,5.481e-06,2.82e-06
5.277e-06,2.54e-06,7.471e-06,5.245e-06,2.54e-06
5.437e-06,2.44e-06,7.6e-06,5.57e-06,2.82e-06
5.371e-06,2.27e-06,7.36e-06,5.595e-06,2.94e-06
5.175e-06,2.39e-06,7.09e-06,5.25e-06,2.39e-06
5.495e-06,2.38e-06,7.71e-06,5.71e-06,2.82e-06
5.416e-06,2.35e-06,7.66e-06,5.45e-06,2.97e-06
5.419e-06,2.38e-06,7.53e-06,5.5e-06,2.98e-06
5.422e-06,2.42e-06,7.581e-06,5.4e-06,2.79e-06
5.338e-06,2.31e-06,7.32e-06,5.246e-06,2.9e-06
5.328e-06,2.53e-06,7.4e-06,5.505e-06,2.77e-06
5.534e-06,2.57e-06,7.63e-06,5.78e-06,2.7e-06
5.74e-06,2.28e-06,8.05e-06,5.971e-06,2.92e-06
5.314e-06,2.4e-06,7.55e-06,5.245e-06,2.77e-06
5.366e-06,2.52e-06,7.37e-06,5.45e-06,2.74e-06
5.292e-06,2.45e-06,7.501e-06,5.37e-06,2.45e-06
5.457e-06,2.72e-06,7.56e-06,5.515e-06,3.05e-06
5.505e-06,2.38e-06,7.78e-06,5.715e-06,2.971e-06
5.573e-06,2.63e-06,7.74e-06,5.891e-06,2.63e-06
5.324e-06,2.43e-06,7.47e-06,5.455e-06,2.43e-06
5.193e-06,2.531e-06,7.16e-06,5.255e-06,2.531e-06
5.36e-06,2.56e-06,7.64e-06,5.465e-06,2.56e-06
5.17e-06,2.41e-06,7.32e-06,5.255e-06,2.41e-06
5.392e-06,2.5e-06,7.64e-06,5.555e-06,2.741e-06
5.439e-06,2.54e-06,7.61e-06,5.67e-06,2.75e-06
5.376e-06,2.58e-06,7.55e-06,5.415e-06,2.94e-06
5.661e-06,2.22e-06,7.94e-06,5.99e-06,3.041e-06
5.303e-06,2.64e-06,7.18e-06,5.416e-06,2.64e-06
5.691e-06,2.59e-06,7.94e-06,5.775e-06,3.08e-06
5.372e-06,2.53e-06,7.56e-06,5.52e-06,2.68e-06
5.369e-06,2.64e-06,7.47e-06,5.49e-06,2.76e-06
5.619e-06,2.18e-06,7.79e-06,5.76e-06,3.09e-06
5.206e-06,2.24e-06,7.2e-06,5.39e-06,2.24e-06
5.338e-06,2.58e-06,7.51e-06,5.325e-06,2.69e-06
5.224e-06,2.6e-06,7.44e-06,5.195e-06,2.71e-06
5.263e-06,2.54e-06,7.42e-06,5.27e-06,2.71e-06
5.337e-06,2.47e-06,7.44e-06,5.515e-06,2.47e-06
5.579e-06,2.35e-06,7.86e-06,5.725e-06,2.97e-06
5.186e-06,2.27e-06,7.22e-06,5.225e-06,2.27e-06
5.642e-06,2.23e-06,7.85e-06,5.79e-06,3.2e-06
5.239e-06,2.6e-06,7.34e-06,5.186e-06,2.6e-06
5.278e-06,2.37e-06,7.64e-06,5.37e-06,2.37e-06
5.371e-06,2.49e-06,7.51e-06,5.215e-06,2.86e-06
5.81e-06,2.13e-06,8.21e-06,6.115e-06,3.23e-06
5.123e-06,2.54e-06,7.261e-06,5.26e-06,2.54e-06
5.229e-06,2.48e-06,7.47e-06,5.265e-06,2.48e-06
5.16e-06,2.02e-06,7.28e-06,5.4e-06,2.02e-06
5.435e-06,2.51e-06,7.59e-06,5.46e-06,3.02e-06
5.306e-06,2.58e-06,7.28e-06,5.465e-06,2.58e-06
5.336e-06,2.501e-06,7.61e-06,5.54e-06,2.62e-06
5.564e-06,2.49e-06,7.84e-06,5.745e-06,2.88e-06
5.337e-06,2.47e-06,7.371e-06,5.485e-06,2.75e-06
5.495e-06,2.48e-06,7.64e-06,5.825e-06,2.76e-06
5.83e-06,1.94e-06,8.13e-06,6.22e-06,3.38e-06
5.233e-06,2.57e-06,7.23e-06,5.185e-06,2.65e-06
5.378e-06,2.34e-06,7.57e-06,5.505e-06,2.79e-06
5.405e-06,2.52e-06,7.65e-06,5.51e-06,2.52e-06
5.362e-06,2.54e-06,7.62e-06,5.405e-06,2.85e-06
9.267e-06,2.01e-06,1.2431e-05,1.054e-05,7.681e-06
5.621e-06,2.14e-06,7.77e-06,5.88e-06,3.17e-06
5.305e-06,2.6e-06,7.35e-06,5.405e-06,2.64e-06
5.336e-06,2.54e-06,7.34e-06,5.255e-06,2.67e-06
5.316e-06,2.43e-06,7.56e-06,5.235e-06,2.43e-06
5.193e-06,2.57e-06,7.17e-06,5.056e-06,2.58e-06
5.188e-06,2.47e-06,7.3e-06,5.11e-06,2.47e-06
5.319e-06,2.62e-06,7.541e-06,5.36e-06,2.63e-06
5.269e-06,2.5e-06,7.59e-06,5.33e-06,2.5e-06
5.646e-06,2.51e-06,8.01e-06,5.74e-06,3.01e-06
5.58e-06,2.44e-06,7.46e-06,6.16e-06,2.82e-06
5.619e-06,2.38e-06,7.8e-06,5.77e-06,2.99e-06
5.415e-06,2.341e-06,7.64e-06,5.51e-06,2.92e-06
5.511e-06,2.32e-06,7.63e-06,5.735e-06,2.92e-06
5.468e-06,2.63e-06,7.521e-06,5.511e-06,2.67e-06
5.197e-06,2.45e-06,7.33e-06,5.11e-06,2.45e-06
5.235e-06,2.58e-06,7.09e-06,5.385e-06,2.58e-06
5.585e-06,2.16e-06,7.54e-06,5.871e-06,3.18e-06
5.374e-06,2.58e-06,7.52e-06,5.44e-06,2.74e-06
5.18e-06,2.44e-06,7.14e-06,5.39e-06,2.44e-06
5.4e-06,2.34e-06,7.46e-06,5.4e-06,2.95e-06
5.519e-06,2.53e-06,7.701e-06,5.705e-06,2.75e-06
5.398e-06,2.6e-06,7.59e-06,5.44e-06,2.6e-06
5.282e-06,2.61e-06,7.54e-06,5.315e-06,2.65e-06
5.432e-06,2.35e-06,7.52e-06,5.57e-06,2.94e-06
5.391e-06,2.45e-06,7.58e-06,5.62e-06,2.45e-06
5.162e-06,2.5e-06,7.29e-06,5.205e-06,2.5e-06
5.556e-06,2.47e-06,7.72e-06,5.875e-06,2.76e-06
5.428e-06,2.59e-06,7.551e-06,5.7e-06,2.65e-06
5.41e-06,2.44e-06,7.63e-06,5.595e-06,2.82e-06
5.524e-06,2.22e-06,7.54e-06,5.715e-06,3.03e-06
6.091e-06,1.63e-06,8.66e-06,6.255e-06,1.63e-06
5.333e-06,2.67e-06,7.31e-06,5.27e-06,2.67e-06
5.512e-06,2.42e-06,7.8e-06,5.71e-06,2.85e-06
5.381e-06,2.47e-06,7.48e-06,5.535e-06,2.95e-06
5.556e-06,2.23e-06,7.841e-06,5.74e-06,2.971e-06
5.618e-06,2.09e-06,7.89e-06,5.825e-06,3.15e-06
5.421e-06,2.22e-06,7.67e-06,5.695e-06,2.91e-06
5.357e-06,2.5e-06,7.25e-06,5.621e-06,2.651e-06
5.357e-06,2.51e-06,7.62e-06,5.655e-06,2.67e-06
5.294e-06,2.66e-06,7.56e-06,5.5e-06,2.77e-06
5.874e-06,1.95e-06,8.17e-06,6.24e-06,3.491e-06
5.239e-06,2.51e-06,7.291e-06,5.185e-06,2.51e-06
5.36e-06,2.37e-06,7.5e-06,5.475e-06,2.74e-06
5.292e-06,2.53e-06,7.44e-06,5.435e-06,2.69e-06
5.437e-06,2.45e-06,7.6e-06,5.46e-06,2.78e-06
5.502e-06,2.39e-06,7.53e-06,5.585e-06,2.77e-06
5.349e-06,2.3e-06,7.68e-06,5.585e-06,2.83e-06
5.334e-06,2.56e-06,7.45e-06,5.455e-06,2.65e-06
5.651e-06,2.36e-06,7.811e-06,5.975e-06,2.88e-06
5.291e-06,2.3e-06,7.36e-06,5.475e-06,2.9e-06
5.509e-06,2.47e-06,7.7e-06,5.625e-06,2.78e-06
5.186e-06,2.42e-06,7.51e-06,5.155e-06,2.76e-06
5.549e-06,2.22e-06,7.72e-06,5.73e-06,3.03e-06
5.441e-06,2.52e-06,7.49e-06,5.63e-06,2.52e-06
5.429e-06,2.56e-06,7.64e-06,5.7e-06,2.56e-06
5.265e-06,2.51e-06,7.52e-06,5.335e-06,2.51e-06
5.31e-06,2.35e-06,7.38e-06,5.395e-06,2.83e-06
5.331e-06,2.55e-06,7.51e-06,5.475e-06,2.55e-06
5.335e-06,2.55e-06,7.58e-06,5.576e-06,2.62e-06
5.336e-06,2.62e-06,7.5e-06,5.375e-06,2.62e-06
5.183e-06,2.57e-06,7.24e-06,5.235e-06,2.57e-06
5.384e-06,2.49e-06,7.5e-06,5.52e-06,2.72e-06
5.231e-06,2.51e-06,7.14e-06,5.37e-06,2.51e-06
5.322e-06,2.66e-06,7.54e-06,5.565e-06,2.66e-06
5.319e-06,2.46e-06,7.43e-06,5.36e-06,2.75e-06
5.585e-06,2.58e-06,7.77e-06,5.846e-06,2.65e-06
5.378e-06,2.51e-06,7.6e-06,5.525e-06,2.75e-06
5.23e-06,2.56e-06,7.41e-06,5.135e-06,2.56e-06
5.415e-06,2.44e-06,7.39e-06,5.56e-06,2.92e-06
5.397e-06,2.42e-06,7.29e-06,5.52e-06,2.83e-06
5.361e-06,2.58e-06,7.591e-06,5.445e-06,2.73e-06
5.655e-06,2.15e-06,7.88e-06,5.84e-06,3.25e-06
5.495e-06,2.56e-06,7.68e-06,5.635e-06,2.72e-06
5.302e-06,2.62e-06,7.35e-06,5.43e-06,2.81e-06
5.594e-06,2.59e-06,7.87e-06,5.735e-06,2.65e-06
5.215e-06,2.55e-06,7.41e-06,5.25e-06,2.55e-06
5.644e-06,2.76e-06,8e-06,5.555e-06,2.76e-06
5.33e-06,2.38e-06,7.23e-06,5.305e-06,2.38e-06
5.406e-06,2.75e-06,7.27e-06,5.48e-06,2.75e-06
5.421e-06,2.45e-06,7.45e-06,5.33e-06,2.45e-06
5.591e-06,2.56e-06,7.74e-06,5.871e-06,2.56e-06
5.453e-06,2.29e-06,7.68e-06,5.54e-06,2.29e-06
5.742e-06,2.46e-06,8.3e-06,5.48e-06,2.46e-06
5.611e-06,2.65e-06,7.79e-06,5.82e-06,2.98e-06
5.482e-06,2.701e-06,7.63e-06,5.77e-06,2.701e-06
5.77e-06,2.83e-06,7.83e-06,5.931e-06,2.83e-06
5.622e-06,2.13e-06,7.87e-06,5.71e-06,2.13e-06
5.503e-06,2.72e-06,7.74e-06,5.455e-06,2.72e-06
5.521e-06,2.64e-06,7.55e-06,5.61e-06,2.64e-06
5.458e-06,2.09e-06,7.17e-06,5.685e-06,2.09e-06
5.534e-06,1.96e-06,7.53e-06,5.485e-06,1.96e-06
5.488e-06,2.8e-06,7.66e-06,5.395e-06,2.8e-06
5.482e-06,2.71e-06,7.53e-06,5.376e-06,2.71e-06
5.736e-06,2.72e-06,7.76e-06,5.95e-06,3.07e-06
5.688e-06,2.64e-06,7.95e-06,5.905e-06,2.64e-06
5.734e-06,2.48e-06,7.87e-06,5.705e-06,3.12e-06
7.009e-06,2.51e-06,1.251e-05,7.105e-06,2.51e-06
4.54e-06,2.15e-06,6e-06,4.365e-06,2.15e-06
5.862e-06,2.04e-06,7.92e-06,6.17e-06,2.04e-06
5.59e-06,2.65e-06,7.9e-06,5.465e-06,2.97e-06
5.755e-06,2.76e-06,8.01e-06,5.935e-06,2.77e-06
5.788e-06,2.52e-06,7.95e-06,5.995e-06,3.19e-06
5.314e-06,2.52e-06,7.17e-06,5.22e-06,2.52e-06
5.436e-06,2.52e-06,7.501e-06,5.435e-06,2.52e-06
5.515e-06,2.71e-06,7.6e-06,5.5e-06,2.71e-06
5.474e-06,2.57e-06,7.56e-06,5.6e-06,2.57e-06
5.416e-06,2.62e-06,7.67e-06,5.491e-06,2.62e-06
5.568e-06,2.62e-06,7.85e-06,5.685e-06,3.07e-06
5.573e-06,2.34e-06,7.72e-06,5.735e-06,2.34e-06
5.343e-06,2.62e-06,7.44e-06,5.3e-06,2.62e-06
5.525e-06,2.51e-06,7.671e-06,5.605e-06,2.51e-06
5.405e-06,2.47e-06,7.54e-06,5.46e-06,2.47e-06
8.159e-06,2.6e-06,2.7971e-05,7.215e-06,2.6e-06
7.871e-06,1.79e-06,1.156e-05,9.205e-06,1.79e-06
5.394e-06,2.66e-06,7.62e-06,5.426e-06,2.66e-06
5.364e-06,2.57e-06,7.381e-06,5.4e-06,2.57e-06
5.401e-06,2.65e-06,7.38e-06,5.46e-06,2.65e-06
5.685e-06,2.56e-06,8.07e-06,5.875e-06,2.56e-06
5.441e-06,2.63e-06,7.4e-06,5.605e-06,2.63e-06
5.367e-06,2.58e-06,7.55e-06,5.13e-06,2.58e-06
5.345e-06,2.4e-06,7.42e-06,5.555e-06,2.4e-06
5.409e-06,2.09e-06,7.29e-06,5.53e-06,2.09e-06
5.385e-06,2.56e-06,7.621e-06,5.305e-06,2.56e-06
5.425e-06,2.57e-06,7.47e-06,5.62e-06,2.57e-06
5.455e-06,2.74e-06,7.45e-06,5.515e-06,2.74e-06
5.4e-06,2.131e-06,7.181e-06,5.595e-06,2.131e-06
5.462e-06,2.67e-06,7.65e-06,5.475e-06,2.67e-06
5.352e-06,2.34e-06,7.33e-06,5.34e-06,2.34e-06
5.689e-06,2.591e-06,7.89e-06,5.761e-06,2.591e-06
5.445e-06,2.04e-06,7.591e-06,5.6e-06,2.04e-06
5.527e-06,2.73e-06,7.68e-06,5.565e-06,2.81e-06
5.612e-06,2.85e-06,7.76e-06,5.67e-06,2.85e-06
5.427e-06,2.41e-06,7.58e-06,5.485e-06,2.41e-06
5.435e-06,2.73e-06,7.49e-06,5.48e-06,2.73e-06
5.455e-06,2.39e-06,7.7e-06,5.505e-06,2.39e-06
5.461e-06,2.79e-06,7.64e-06,5.395e-06,2.79e-06
5.858e-06,2.45e-06,8.181e-06,5.995e-06,3.35e-06
5.595e-06,2.84e-06,7.9e-06,5.5e-06,2.84e-06
5.598e-06,2.81e-06,7.6e-06,5.741e-06,2.81e-06
5.516e-06,2.72e-06,7.68e-06,5.685e-06,2.72e-06
5.42e-06,2.62e-06,7.6e-06,5.581e-06,2.62e-06
5.378e-06,2.27e-06,7.28e-06,5.525e-06,2.27e-06
5.496e-06,2.2e-06,7.62e-06,5.545e-06,2.2e-06
5.612e-06,2.18e-06,7.851e-06,5.57e-06,2.18e-06
5.836e-06,2.65e-06,8.18e-06,6.01e-06,2.96e-06
5.402e-06,2.6e-06,7.47e-06,5.436e-06,2.6e-06
5.504e-06,2.77e-06,7.57e-06,5.6e-06,2.77e-06
5.568e-06,2.79e-06,7.74e-06,5.66e-06,2.79e-06
5.494e-06,2.42e-06,7.66e-06,5.5e-06,2.42e-06
5.522e-06,2.67e-06,7.54e-06,5.496e-06,2.67e-06
5.515e-06,2.83e-06,7.761e-06,5.48e-06,2.86e-06
5.336e-06,2.541e-06,7.39e-06,5.36e-06,2.541e-06
5.716e-06,2.34e-06,7.87e-06,5.84e-06,2.34e-06
5.445e-06,2.56e-06,7.26e-06,5.65e-06,2.56e-06
5.425e-06,2.511e-06,7.6e-06,5.37e-06,2.511e-06
5.838e-06,2.6e-06,8.02e-06,5.905e-06,2.6e-06
5.276e-06,2.66e-06,7.2e-06,4.995e-06,2.66e-06
5.391e-06,2.6e-06,7.531e-06,5.305e-06,2.6e-06
5.26e-06,2.38e-06,7.22e-06,5.2e-06,2.38e-06
5.263e-06,2.55e-06,7.17e-06,5.335e-06,2.55e-06
5.401e-06,2.68e-06,7.38e-06,5.545e-06,2.68e-06
5.44e-06,2.71e-06,7.52e-06,5.525e-06,2.71e-06
5.477e-06,2.35e-06,7.62e-06,5.626e-06,2.35e-06
5.617e-06,2.69e-06,7.75e-06,5.785e-06,2.99e-06
5.746e-06,2.84e-06,7.861e-06,5.9e-06,2.92e-06
5.505e-06,2.79e-06,7.79e-06,5.67e-06,2.79e-06
5.612e-06,2.55e-06,7.99e-06,5.796e-06,3.02e-06
5.624e-06,2.58e-06,7.76e-06,5.705e-06,2.58e-06
5.625e-06,2.79e-06,7.92e-06,5.775e-06,3.19e-06
5.632e-06,2.48e-06,7.72e-06,5.735e-06,2.48e-06
5.371e-06,2.47e-06,7.3e-06,5.26e-06,2.47e-06
5.749e-06,2.47e-06,8.071e-06,5.931e-06,3.26e-06
5.651e-06,2.53e-06,7.76e-06,5.875e-06,2.53e-06
5.802e-06,2.23e-06,7.89e-06,6.01e-06,2.23e-06
5.414e-06,2.27e-06,7.4e-06,5.415e-06,2.27e-06
5.313e-06,2.54e-06,7.65e-06,5.23e-06,2.54e-06
5.319e-06,2.4e-06,7.37e-06,5.471e-06,2.4e-06
5.405e-06,2.331e-06,7.49e-06,5.475e-06,2.331e-06
5.434e-06,2.8e-06,7.531e-06,5.53e-06,2.85e-06
5.852e-06,2.43e-06,8e-06,6.005e-06,3.31e-06
5.518e-06,2.67e-06,7.74e-06,5.671e-06,2.931e-06
5.517e-06,2.76e-06,7.43e-06,5.69e-06,2.76e-06
5.806e-06,2.84e-06,8.2e-06,5.88e-06,2.85e-06
5.484e-06,2.79e-06,7.71e-06,5.356e-06,2.79e-06
5.384e-06,2.79e-06,7.46e-06,5.205e-06,3.14e-06
5.363e-06,2.53e-06,7.321e-06,5.47e-06,2.53e-06
5.643e-06,2.59e-06,8e-06,5.77e-06,3.04e-06
5.389e-06,2.99e-06,7.33e-06,5.435e-06,3.07e-06
5.709e-06,2.57e-06,8.04e-06,5.88e-06,2.98e-06
5.384e-06,2.78e-06,7.38e-06,5.43e-06,2.78e-06
5.247e-06,1.99e-06,7.44e-06,5.17e-06,1.99e-06
5.381e-06,2.48e-06,7.48e-06,5.295e-06,2.48e-06
5.869e-06,2.51e-06,8.501e-06,6.025e-06,3.14e-06
5.574e-06,2.06e-06,7.73e-06,5.846e-06,2.06e-06
5.492e-06,2.54e-06,7.67e-06,5.54e-06,2.54e-06
5.452e-06,2.91e-06,7.29e-06,5.57e-06,2.91e-06
5.376e-06,2.58e-06,7.28e-06,5.215e-06,2.58e-06
5.621e-06,2.73e-06,7.97e-06,5.651e-06,2.73e-06
6.337e-06,2.14e-06,9.03e-06,6.855e-06,3.53e-06
5.106e-06,2.69e-06,7e-06,5.235e-06,2.69e-06
5.591e-06,2.74e-06,7.78e-06,5.46e-06,2.87e-06
5.44e-06,2.25e-06,7.91e-06,5.575e-06,2.25e-06
5.54e-06,2.71e-06,7.79e-06,5.73e-06,2.71e-06
5.673e-06,2.57e-06,7.95e-06,5.83e-06,3.11e-06
5.491e-06,1.99e-06,7.74e-06,5.56e-06,1.99e-06
5.596e-06,2.79e-06,7.92e-06,5.48e-06,2.91e-06
5.382e-06,2.32e-06,7.391e-06,5.545e-06,2.32e-06
5.655e-06,2.78e-06,7.94e-06,5.616e-06,2.78e-06
5.316e-06,2.35e-06,7.52e-06,5.19e-06,2.35e-06
5.353e-06,2.65e-06,7.47e-06,5.37e-06,2.65e-06
5.475e-06,2.65e-06,7.54e-06,5.58e-06,2.65e-06
5.552e-06,2.56e-06,7.82e-06,5.585e-06,2.56e-06
5.399e-06,2.63e-06,7.61e-06,5.27e-06,2.63e-06
5.484e-06,2.38e-06,7.671e-06,5.53e-06,2.38e-06
5.348e-06,2.38e-06,7.39e-06,5.4e-06,2.38e-06
5.919e-06,2.75e-06,7.9e-06,6.125e-06,3.32e-06
5.482e-06,2.73e-06,7.59e-06,5.635e-06,2.73e-06
5.863e-06,2.73e-06,8.05e-06,6.1e-06,3.09e-06
5.355e-06,2.19e-06,7.62e-06,5.39e-06,2.19e-06
5.698e-06,2.87e-06,7.97e-06,5.785e-06,3.02e-06
5.518e-06,2.79e-06,7.821e-06,5.6e-06,2.811e-06
5.324e-06,2.68e-06,7.51e-06,5.025e-06,2.68e-06
5.347e-06,2.65e-06,7.51e-06,5.475e-06,2.65e-06
5.52e-06,2.571e-06,7.73e-06,5.69e-06,2.571e-06
5.488e-06,2.46e-06,7.68e-06,5.551e-06,2.46e-06
5.561e-06,2.79e-06,7.74e-06,5.705e-06,2.82e-06
5.393e-06,2.7e-06,7.31e-06,5.625e-06,2.7e-06
5.539e-06,2.7e-06,7.721e-06,5.615e-06,2.7e-06
5.328e-06,2.38e-06,7.47e-06,5.345e-06,2.38e-06
5.403e-06,2.54e-06,7.47e-06,5.37e-06,2.54e-06
5.593e-06,2.61e-06,1.002e-05,5.32e-06,2.61e-06
6.028e-06,2.29e-06,8.711e-06,6.331e-06,3.41e-06
5.632e-06,2.7e-06,7.89e-06,5.82e-06,2.7e-06
5.791e-06,2.78e-06,7.99e-06,6.061e-06,2.9e-06
6.153e-06,2.33e-06,8.38e-06,6.615e-06,3.42e-06
5.825e-06,2.6e-06,7.94e-06,5.99e-06,3.34e-06
5.395e-06,2.76e-06,7.37e-06,5.395e-06,2.76e-06
5.371e-06,2.54e-06,7.35e-06,5.29e-06,2.54e-06
5.41e-06,2.33e-06,7.66e-06,5.485e-06,2.33e-06
5.68e-06,2.7e-06,8.04e-06,5.765e-06,2.96e-06
5.438e-06,2.3e-06,7.38e-06,5.455e-06,2.3e-06
5.414e-06,2.71e-06,7.46e-06,5.515e-06,2.86e-06
5.508e-06,2.67e-06,7.6e-06,5.73e-06,2.67e-06
5.548e-06,2.671e-06,7.79e-06,5.645e-06,2.671e-06
5.561e-06,2.72e-06,7.73e-06,5.61e-06,2.72e-06
5.417e-06,2.86e-06,7.42e-06,5.555e-06,2.86e-06
5.997e-06,2.36e-06,8.56e-06,6.261e-06,3.201e-06
5.265e-06,2.5e-06,7.29e-06,5.3e-06,2.5e-06
5.474e-06,2.53e-06,7.77e-06,5.706e-06,2.53e-06
5.464e-06,2.69e-06,7.68e-06,5.61e-06,2.69e-06
5.429e-06,2.47e-06,7.46e-06,5.695e-06,2.47e-06
5.845e-06,2.47e-06,8.22e-06,5.95e-06,3.32e-06
5.423e-06,2.71e-06,7.55e-06,5.46e-06,2.71e-06
5.44e-06,2.69e-06,7.5e-06,5.655e-06,2.69e-06
5.686e-06,2.64e-06,7.87e-06,6.075e-06,2.64e-06
5.721e-06,2.76e-06,8.15e-06,5.966e-06,2.87e-06
5.648e-06,2.61e-06,7.87e-06,5.72e-06,3.06e-06
5.582e-06,2.44e-06,7.93e-06,5.645e-06,2.44e-06
5.322e-06,2.73e-06,7.36e-06,5.4e-06,2.88e-06
5.523e-06,2.81e-06,7.61e-06,5.735e-06,2.9e-06
5.882e-06,2.26e-06,8.36e-06,5.98e-06,3.29e-06
5.465e-06,2.4e-06,7.67e-06,5.395e-06,2.4e-06
5.879e-06,2.63e-06,8.35e-06,6.25e-06,3.02e-06
5.543e-06,2.69e-06,7.75e-06,5.735e-06,2.69e-06
5.534e-06,2.58e-06,7.65e-06,5.58e-06,2.58e-06
5.319e-06,2.43e-06,7.16e-06,5.365e-06,2.43e-06
5.394e-06,2.711e-06,7.47e-06,5.47e-06,2.711e-06
5.495e-06,2.64e-06,7.67e-06,5.55e-06,2.64e-06
5.507e-06,2.71e-06,7.57e-06,5.64e-06,2.71e-06
5.306e-06,2.501e-06,7.35e-06,5.235e-06,2.501e-06
5.495e-06,2.68e-06,7.65e-06,5.535e-06,2.68e-06
5.604e-06,2.82e-06,7.76e-06,5.58e-06,2.87e-06
5.37e-06,2.32e-06,7.61e-06,5.425e-06,2.32e-06
5.431e-06,2.8e-06,7.46e-06,5.47e-06,2.8e-06
5.867e-06,2.761e-06,8.121e-06,6.265e-06,2.85e-06
5.417e-06,2.67e-06,7.38e-06,5.425e-06,2.67e-06
5.407e-06,2.74e-06,7.35e-06,5.425e-06,2.74e-06
5.344e-06,2.45e-06,7.33e-06,5.24e-06,2.45e-06
5.292e-06,2.3e-06,7.3e-06,5.395e-06,2.3e-06
5.611e-06,2.57e-06,7.76e-06,5.656e-06,3.05e-06
5.518e-06,2.67e-06,7.74e-06,5.595e-06,2.67e-06
5.461e-06,2.68e-06,7.77e-06,5.605e-06,2.68e-06
5.76e-06,2.05e-06,8.12e-06,6.045e-06,2.05e-06
5.404e-06,2.83e-06,7.65e-06,5.38e-06,2.83e-06
5.375e-06,2.51e-06,7.49e-06,5.435e-06,2.51e-06
5.469e-06,2.81e-06,7.56e-06,5.305e-06,2.93e-06
5.378e-06,2.86e-06,7.34e-06,5.341e-06,3.12e-06
5.468e-06,2.54e-06,7.5e-06,5.56e-06,2.54e-06
5.603e-06,2.57e-06,7.74e-06,5.7e-06,3.07e-06
5.357e-06,1.98e-06,7.24e-06,5.54e-06,1.98e-06
5.45e-06,2.48e-06,7.57e-06,5.55e-06,2.48e-06
5.681e-06,2.71e-06,7.85e-06,5.89e-06,3.05e-06
5.339e-06,2.5e-06,7.42e-06,5.37e-06,2.5e-06
5.398e-06,2.55e-06,7.43e-06,5.321e-06,2.55e-06
5.441e-06,2.38e-06,7.62e-06,5.495e-06,2.38e-06
5.463e-06,2.491e-06,7.52e-06,5.486e-06,2.491e-06
5.51e-06,2.68e-06,7.71e-06,5.405e-06,2.68e-06
5.409e-06,1.87e-06,7.52e-06,5.345e-06,1.87e-06
5.745e-06,2.3e-06,7.83e-06,6e-06,3.321e-06
5.387e-06,2.49e-06,7.46e-06,5.43e-06,2.49e-06
5.612e-06,2.5e-06,7.64e-06,5.66e-06,2.5e-06
5.402e-06,2.15e-06,7.51e-06,5.51e-06,2.15e-06
5.646e-06,2.79e-06,7.86e-06,5.915e-06,2.79e-06
5.403e-06,2.61e-06,7.49e-06,5.43e-06,2.61e-06
5.471e-06,2.53e-06,7.6e-06,5.34e-06,2.53e-06
5.597e-06,2.8e-06,7.71e-06,5.53e-06,2.8e-06
5.457e-06,2.73e-06,7.8e-06,5.295e-06,2.9e-06
5.472e-06,2.78e-06,7.48e-06,5.501e-06,2.78e-06
5.724e-06,2.59e-06,7.93e-06,5.766e-06,3.23e-06
5.438e-06,2.79e-06,7.34e-06,5.49e-06,2.79e-06
5.584e-06,2.79e-06,7.79e-06,5.695e-06,2.79e-06
5.463e-06,2.66e-06,7.64e-06,5.52e-06,2.66e-06
5.95e-06,2.48e-06,8.3e-06,6.25e-06,3.18e-06
5.667e-06,2.47e-06,7.75e-06,5.975e-06,2.47e-06
5.707e-06,2.47e-06,7.72e-06,5.945e-06,3.14e-06
5.408e-06,2.55e-06,7.49e-06,5.505e-06,2.55e-06
5.598e-06,2.71e-06,7.78e-06,5.665e-06,2.89e-06
5.345e-06,2.36e-06,7.48e-06,5.221e-06,2.36e-06
5.334e-06,2.59e-06,7.54e-06,5.31e-06,2.59e-06
5.247e-06,2.55e-06,7.03e-06,5.345e-06,2.55e-06
5.679e-06,2.75e-06,7.76e-06,5.84e-06,2.95e-06
5.549e-06,2.651e-06,7.63e-06,5.625e-06,2.651e-06
5.849e-06,2.45e-06,8.15e-06,6.11e-06,3.13e-06
5.59e-06,2.07e-06,7.57e-06,5.87e-06,2.07e-06
5.994e-06,2.44e-06,8.33e-06,6.31e-06,3.24e-06
5.433e-06,2.11e-06,7.46e-06,5.56e-06,2.11e-06
5.527e-06,2.23e-06,7.46e-06,5.671e-06,2.23e-06
5.925e-06,2.23e-06,8.091e-06,6.095e-06,3.46e-06
5.532e-06,2.65e-06,7.67e-06,5.72e-06,2.65e-06
5.852e-06,1.98e-06,7.91e-06,6.16e-06,1.98e-06
5.386e-06,2.73e-06,7.45e-06,5.4e-06,2.73e-06
5.221e-06,2.37e-06,7.17e-06,4.825e-06,2.37e-06
5.871e-06,2.251e-06,7.981e-06,6.035e-06,3.39e-06
5.246e-06,2.45e-06,7.26e-06,4.935e-06,2.45e-06
5.38e-06,2.73e-06,7.45e-06,5.405e-06,2.73e-06
5.448e-06,2.69e-06,7.67e-06,5.52e-06,2.69e-06
5.497e-06,2.7e-06,7.54e-06,5.545e-06,2.7e-06
5.573e-06,3.12e-06,7.63e-06,5.675e-06,3.24e-06
5.748e-06,2.04e-06,7.701e-06,6.195e-06,2.04e-06
5.538e-06,2.55e-06,7.65e-06,5.515e-06,2.55e-06
5.338e-06,2.53e-06,7.36e-06,5.255e-06,2.53e-06
5.4e-06,2.48e-06,7.46e-06,5.44e-06,2.48e-06
5.412e-06,2.68e-06,7.47e-06,5.505e-06,2.68e-06
5.996e-06,2.7e-06,8.56e-06,6.32e-06,3.04e-06
5.558e-06,2.091e-06,7.71e-06,5.805e-06,2.091e-06
5.419e-06,2.58e-06,7.42e-06,5.49e-06,2.58e-06
5.426e-06,1.89e-06,7.43e-06,5.34e-06,1.89e-06
5.773e-06,3.021e-06,8.17e-06,5.805e-06,3.021e-06
5.495e-06,2.74e-06,7.7e-06,5.576e-06,2.74e-06
5.372e-06,2.57e-06,7.12e-06,5.44e-06,2.57e-06
5.449e-06,2.56e-06,7.56e-06,5.48e-06,2.56e-06
5.348e-06,2.62e-06,7.26e-06,5.29e-06,2.62e-06
5.471e-06,2.84e-06,7.64e-06,5.485e-06,2.84e-06
5.481e-06,2.83e-06,7.47e-06,5.485e-06,2.83e-06
5.435e-06,2.15e-06,7.47e-06,5.595e-06,2.15e-06
5.594e-06,2.47e-06,7.75e-06,5.841e-06,2.47e-06
5.466e-06,2.76e-06,7.76e-06,5.39e-06,2.76e-06
5.553e-06,2.75e-06,7.57e-06,5.565e-06,2.75e-06
5.303e-06,2.54e-06,7.27e-06,5.375e-06,2.54e-06
5.304e-06,2.5e-06,7.43e-06,5.31e-06,2.5e-06
5.442e-06,2.45e-06,7.54e-06,5.54e-06,2.45e-06
5.382e-06,2.71e-06,7.39e-06,5.54e-06,2.71e-06
5.758e-06,2.34e-06,8.17e-06,5.87e-06,3.3e-06
5.705e-06,2.76e-06,8.01e-06,5.9e-06,2.97e-06
5.487e-06,2.35e-06,7.63e-06,5.775e-06,2.35e-06
5.53e-06,2.32e-06,7.44e-06,5.72e-06,2.32e-06
5.637e-06,2.71e-06,7.83e-06,5.765e-06,2.8e-06
5.484e-06,2.64e-06,7.49e-06,5.74e-06,2.64e-06
5.64e-06,2.78e-06,7.57e-06,5.885e-06,2.82e-06
5.584e-06,2.34e-06,7.62e-06,5.94e-06,2.34e-06
5.56e-06,2.7e-06,7.481e-06,5.885e-06,2.89e-06
5.323e-06,2.6e-06,7.44e-06,5.275e-06,2.6e-06
5.376e-06,2.68e-06,7.25e-06,5.37e-06,2.68e-06
5.428e-06,2.451e-06,7.4e-06,5.485e-06,2.451e-06
5.561e-06,2.69e-06,7.61e-06,5.685e-06,2.92e-06
5.28e-06,2.49e-06,7.29e-06,5.245e-06,2.49e-06
5.526e-06,2.68e-06,7.61e-06,5.641e-06,2.941e-06
5.492e-06,2.61e-06,7.51e-06,5.65e-06,2.61e-06
5.397e-06,2.78e-06,7.44e-06,5.55e-06,2.78e-06
5.458e-06,2.89e-06,8.02e-06,5.57e-06,3.47e-06
5.185e-06,2.79e-06,7.09e-06,4.885e-06,2.79e-06
5.34e-06,2.55e-06,7.33e-06,5.435e-06,2.55e-06
5.307e-06,2.34e-06,7.32e-06,5.335e-06,2.34e-06
5.232e-06,2.38e-06,7.28e-06,5.155e-06,2.38e-06
5.442e-06,2.7e-06,7.34e-06,5.59e-06,2.7e-06
5.381e-06,2.24e-06,7.37e-06,5.52e-06,2.24e-06
5.272e-06,2.51e-06,7.21e-06,5.325e-06,2.51e-06
5.314e-06,2.45e-06,7.15e-06,5.465e-06,2.45e-06
5.514e-06,2.16e-06,7.49e-06,5.586e-06,2.16e-06
5.376e-06,2.74e-06,7.26e-06,5.185e-06,2.74e-06
5.468e-06,2.33e-06,7.59e-06,5.616e-06,2.33e-06
5.437e-06,2.81e-06,7.48e-06,5.27e-06,2.81e-06
5.556e-06,2.93e-06,7.83e-06,5.485e-06,2.93e-06
5.313e-06,2.49e-06,7.45e-06,5.365e-06,2.49e-06
5.875e-06,2.66e-06,8.08e-06,6.345e-06,3.39e-06
5.369e-06,2.28e-06,7.46e-06,5.33e-06,2.28e-06
5.525e-06,2.12e-06,7.61e-06,5.565e-06,2.12e-06
5.497e-06,2.8e-06,7.51e-06,5.531e-06,2.8e-06
5.744e-06,2.51e-06,7.76e-06,6.08e-06,3.06e-06
5.579e-06,2.66e-06,7.79e-06,5.725e-06,2.66e-06
5.513e-06,2.74e-06,7.55e-06,5.625e-06,2.82e-06
5.324e-06,2.36e-06,7.32e-06,5.435e-06,2.36e-06
5.501e-06,2.82e-06,7.56e-06,5.715e-06,2.82e-06
5.456e-06,2.78e-06,7.32e-06,5.605e-06,2.78e-06
5.384e-06,2.67e-06,7.82e-06,5.34e-06,2.67e-06
5.328e-06,2.45e-06,7.4e-06,5.35e-06,2.45e-06
5.478e-06,2.43e-06,7.43e-06,5.571e-06,2.43e-06
5.368e-06,2.67e-06,7.42e-06,5.44e-06,2.67e-06
5.709e-06,2.6e-06,7.97e-06,5.92e-06,2.901e-06
5.47e-06,2.15e-06,7.571e-06,5.575e-06,2.15e-06
5.383e-06,2.74e-06,7.38e-06,5.54e-06,2.74e-06
5.622e-06,2.631e-06,7.85e-06,5.86e-06,2.631e-06
5.456e-06,2.66e-06,7.43e-06,5.51e-06,2.66e-06
5.472e-06,2.02e-06,7.64e-06,5.715e-06,2.02e-06
5.575e-06,2.69e-06,7.77e-06,5.41e-06,2.69e-06
5.308e-06,2.55e-06,7.34e-06,5.39e-06,2.55e-06
5.529e-06,2.65e-06,7.821e-06,5.745e-06,2.83e-06
5.28e-06,2.28e-06,7.4e-06,5.305e-06,2.28e-06
5.405e-06,2.69e-06,7.63e-06,5.57e-06,2.8e-06
5.301e-06,2.68e-06,7.75e-06,5.405e-06,2.68e-06
5.449e-06,2.07e-06,7.7e-06,5.47e-06,2.07e-06
5.968e-06,2.52e-06,8.34e-06,6.296e-06,3.17e-06
5.377e-06,2.36e-06,7.54e-06,5.6e-06,2.36e-06
5.657e-06,2.77e-06,7.981e-06,5.735e-06,2.82e-06
5.645e-06,2.77e-06,7.75e-06,5.916e-06,2.77e-06
5.407e-06,2.6e-06,7.43e-06,5.535e-06,2.6e-06
5.287e-06,2.5e-06,7.36e-06,5.32e-06,2.5e-06
5.234e-06,2.48e-06,7.14e-06,4.945e-06,2.48e-06
5.383e-06,2.28e-06,7.25e-06,5.586e-06,2.28e-06
5.331e-06,2.26e-06,7.23e-06,5.2e-06,2.26e-06
5.771e-06,2.56e-06,8.071e-06,6.215e-06,2.99e-06
5.556e-06,2.7e-06,7.66e-06,5.735e-06,2.7e-06
5.278e-06,2.39e-06,7.51e-06,5.1e-06,2.39e-06
5.218e-06,2.57e-06,7.2e-06,5.2e-06,2.57e-06
5.314e-06,2.56e-06,7.43e-06,5.43e-06,2.56e-06
5.868e-06,2.57e-06,8.16e-06,6.191e-06,3.16e-06
5.721e-06,2.44e-06,7.89e-06,5.8e-06,3.06e-06
5.184e-06,2.34e-06,7.051e-06,4.91e-06,2.34e-06
5.346e-06,2.5e-06,7.47e-06,5.405e-06,2.5e-06
5.938e-06,2.57e-06,8.4e-06,6.31e-06,3.04e-06
5.528e-06,2.711e-06,7.64e-06,5.715e-06,2.711e-06
5.314e-06,2.57e-06,7.27e-06,5.33e-06,2.57e-06
5.267e-06,2.55e-06,7.23e-06,5.266e-06,2.55e-06
5.567e-06,2.781e-06,7.69e-06,5.69e-06,2.781e-06
5.453e-06,2.65e-06,7.631e-06,5.53e-06,2.65e-06
5.557e-06,2.14e-06,7.74e-06,5.705e-06,2.14e-06
5.444e-06,2.661e-06,7.68e-06,5.6e-06,2.661e-06
5.716e-06,2.4e-06,8.06e-06,5.695e-06,3.1e-06
5.281e-06,2.31e-06,7.32e-06,5.26e-06,2.31e-06
5.136e-06,2.46e-06,7.121e-06,4.84e-06,2.46e-06
5.183e-06,2.45e-06,7.33e-06,4.925e-06,2.45e-06
5.48e-06,2.75e-06,7.32e-06,5.675e-06,2.75e-06
5.46e-06,2.52e-06,7.47e-06,5.525e-06,2.52e-06
5.382e-06,2.6e-06,7.39e-06,5.4e-06,2.6e-06
5.755e-06,2.6e-06,8.03e-06,5.995e-06,2.96e-06
5.52e-06,2.71e-06,7.73e-06,5.555e-06,2.71e-06
5.32e-06,2.31e-06,7.22e-06,5.25e-06,2.31e-06
5.174e-06,2.42e-06,7.21e-06,5.155e-06,2.42e-06
5.442e-06,2.01e-06,7.55e-06,5.48e-06,2.01e-06
5.431e-06,2.82e-06,7.38e-06,5.465e-06,2.82e-06
5.357e-06,2.55e-06,7.45e-06,5.436e-06,2.55e-06
5.369e-06,2.62e-06,7.4e-06,5.395e-06,2.62e-06
5.397e-06,2.7e-06,7.56e-06,5.35e-06,2.7e-06
5.178e-06,2.47e-06,7.15e-06,5.216e-06,2.47e-06
5.597e-06,2.45e-06,7.96e-06,5.54e-06,3.09e-06
5.538e-06,2.58e-06,7.661e-06,5.835e-06,2.58e-06
5.764e-06,2.66e-06,8.04e-06,5.96e-06,3.13e-06
5.481e-06,2.71e-06,7.72e-06,5.53e-06,2.71e-06
5.524e-06,2.5e-06,7.52e-06,5.775e-06,2.5e-06
5.457e-06,2.73e-06,7.55e-06,5.506e-06,2.73e-06
5.317e-06,2.58e-06,7.52e-06,5.27e-06,2.58e-06
5.538e-06,2.74e-06,7.63e-06,5.56e-06,2.81e-06
5.333e-06,2.6e-06,7.44e-06,5.435e-06,2.6e-06
5.367e-06,2.59e-06,7.4e-06,5.265e-06,2.59e-06
8.624e-06,2.02e-06,1.356e-05,8.695e-06,8.66e-06
5.59e-06,2.72e-06,7.72e-06,5.755e-06,2.72e-06
5.367e-06,2.4e-06,7.58e-06,5.615e-06,2.4e-06
5.407e-06,2.44e-06,7.62e-06,5.425e-06,2.44e-06
5.518e-06,2.11e-06,7.56e-06,5.58e-06,2.11e-06
5.508e-06,2.78e-06,7.641e-06,5.51e-06,2.78e-06
5.505e-06,2.06e-06,7.75e-06,5.59e-06,2.06e-06
5.281e-06,2.43e-06,7.24e-06,5.345e-06,2.43e-06
5.584e-06,2.64e-06,7.82e-06,5.741e-06,2.89e-06
5.313e-06,2.33e-06,7.37e-06,5.5e-06,2.33e-06
5.374e-06,2.38e-06,7.46e-06,5.475e-06,2.38e-06
5.886e-06,2.44e-06,8.1e-06,6.05e-06,3.47e-06
5.228e-06,2.52e-06,7.291e-06,5.315e-06,2.52e-06
5.336e-06,2.57e-06,7.39e-06,5.325e-06,2.57e-06
5.309e-06,2.31e-06,7.39e-06,5.405e-06,2.31e-06
5.752e-06,2.98e-06,8.17e-06,5.965e-06,2.98e-06
5.484e-06,2.48e-06,7.68e-06,5.85e-06,2.48e-06
5.439e-06,2.38e-06,7.51e-06,5.65e-06,2.38e-06
5.837e-06,2.86e-06,8.1e-06,5.92e-06,3.17e-06
5.263e-06,2.49e-06,7.151e-06,5.165e-06,2.49e-06
5.745e-06,2.6e-06,8.03e-06,6.001e-06,2.6e-06
5.381e-06,2.85e-06,7.49e-06,5.325e-06,2.85e-06
5.426e-06,2.12e-06,7.62e-06,5.53e-06,2.12e-06
5.684e-06,2.73e-06,7.92e-06,5.79e-06,2.73e-06
5.326e-06,2.501e-06,7.36e-06,5.525e-06,2.501e-06
5.502e-06,2.58e-06,7.71e-06,5.615e-06,2.58e-06
5.933e-06,2.49e-06,8.21e-06,6.216e-06,2.98e-06
5.337e-06,2.511e-06,7.27e-06,5.39e-06,2.511e-06
5.192e-06,2.39e-06,7.08e-06,5.015e-06,2.39e-06
5.379e-06,2.63e-06,7.51e-06,5.4e-06,2.63e-06
5.435e-06,2.201e-06,7.56e-06,5.59e-06,2.201e-06
5.196e-06,2.57e-06,7.02e-06,5.22e-06,2.57e-06
5.413e-06,2.54e-06,7.5e-06,5.54e-06,2.54e-06
5.638e-06,2.61e-06,7.71e-06,5.57e-06,3.12e-06
5.516e-06,2.64e-06,7.65e-06,5.936e-06,2.64e-06
6.514e-06,2.07e-06,8.99e-06,7e-06,4.11e-06
5.495e-06,2.28e-06,7.5e-06,5.72e-06,2.28e-06
5.767e-06,2.51e-06,7.81e-06,5.955e-06,3.18e-06
5.399e-06,2.52e-06,7.47e-06,5.46e-06,2.52e-06
5.279e-06,2.66e-06,7.34e-06,5.505e-06,2.66e-06
5.576e-06,2.73e-06,7.751e-06,5.6e-06,2.81e-06
5.572e-06,2.59e-06,7.77e-06,5.695e-06,3.05e-06
5.567e-06,2.63e-06,7.77e-06,5.785e-06,2.96e-06
5.353e-06,2.75e-06,7.33e-06,5.24e-06,2.75e-06
5.506e-06,2.751e-06,7.5e-06,5.575e-06,2.83e-06
5.297e-06,2.5e-06,7.35e-06,5.33e-06,2.5e-06
5.626e-06,2.52e-06,7.94e-06,5.835e-06,3.04e-06
5.573e-06,2.58e-06,7.851e-06,5.745e-06,2.58e-06
5.455e-06,2.75e-06,7.65e-06,5.556e-06,2.75e-06
5.469e-06,2.64e-06,7.63e-06,5.56e-06,2.64e-06
5.413e-06,2.61e-06,7.48e-06,5.49e-06,2.61e-06
5.467e-06,2.38e-06,7.34e-06,5.55e-06,2.38e-06
5.236e-06,2.25e-06,7.43e-06,5.27e-06,2.25e-06
5.553e-06,2.47e-06,7.8e-06,5.55e-06,3.05e-06
5.333e-06,2.57e-06,7.42e-06,5.31e-06,2.57e-06
5.365e-06,2.78e-06,7.37e-06,5.54e-06,2.79e-06
5.449e-06,2.59e-06,7.58e-06,5.515e-06,2.59e-06
5.683e-06,2.55e-06,7.85e-06,5.89e-06,2.55e-06
5.378e-06,2.71e-06,7.4e-06,5.35e-06,2.82e-06
5.421e-06,2.651e-06,7.5e-06,5.49e-06,2.651e-06
5.534e-06,2.62e-06,7.52e-06,5.71e-06,2.62e-06
5.273e-06,2.63e-06,7.17e-06,5.075e-06,2.63e-06
5.425e-06,2.531e-06,7.51e-06,5.6e-06,2.531e-06
5.505e-06,2.64e-06,7.54e-06,5.67e-06,2.98e-06
5.33e-06,2.59e-06,7.37e-06,5.415e-06,2.59e-06
5.724e-06,2.72e-06,7.98e-06,5.79e-06,2.971e-06
5.77e-06,2.54e-06,8.05e-06,5.866e-06,3.19e-06
5.336e-06,2.5e-06,7.31e-06,5.505e-06,2.5e-06
5.622e-06,2.73e-06,7.91e-06,5.87e-06,2.73e-06
5.564e-06,2.58e-06,7.75e-06,5.705e-06,2.58e-06
5.421e-06,2.73e-06,7.63e-06,5.475e-06,2.73e-06
5.582e-06,2.82e-06,7.77e-06,5.725e-06,2.82e-06
5.266e-06,2.51e-06,7.35e-06,5.35e-06,2.51e-06
5.499e-06,2.79e-06,7.73e-06,5.61e-06,2.79e-06
5.385e-06,2.42e-06,7.51e-06,5.37e-06,2.42e-06
5.4e-06,2.39e-06,7.51e-06,5.461e-06,2.39e-06
5.346e-06,2.56e-06,7.67e-06,5.3e-06,2.56e-06
5.3e-06,2.25e-06,7.36e-06,5.33e-06,2.25e-06
5.308e-06,2.69e-06,7.26e-06,5.17e-06,2.69e-06
5.626e-06,2.63e-06,7.58e-06,5.815e-06,2.63e-06
5.301e-06,2.64e-06,7.3e-06,5.29e-06,2.64e-06
5.539e-06,2.68e-06,7.83e-06,5.665e-06,2.68e-06
5.647e-06,2.67e-06,7.87e-06,5.825e-06,2.83e-06
5.234e-06,2.58e-06,7.38e-06,4.975e-06,2.58e-06
9.319e-06,2.39e-06,1.158e-05,9.785e-06,2.39e-06
5.41e-06,2.711e-06,7.64e-06,5.305e-06,2.711e-06
5.342e-06,2.55e-06,7.23e-06,5.466e-06,2.55e-06
5.122e-06,2.37e-06,7.02e-06,4.975e-06,2.37e-06
5.588e-06,2.411e-06,7.7e-06,5.735e-06,2.411e-06
5.355e-06,2.72e-06,7.56e-06,5.32e-06,2.72e-06
5.484e-06,2.73e-06,7.61e-06,5.565e-06,2.8e-06
5.269e-06,2.401e-06,7.17e-06,5.35e-06,2.401e-06
5.389e-06,2.811e-06,7.27e-06,5.535e-06,2.95e-06
5.349e-06,2.41e-06,7.65e-06,5.436e-06,2.41e-06
5.36e-06,2.661e-06,7.6e-06,5.39e-06,2.661e-06
5.777e-06,2.56e-06,7.92e-06,6.005e-06,3.04e-06
5.448e-06,2.63e-06,7.53e-06,5.435e-06,2.63e-06
5.621e-06,2.78e-06,7.92e-06,5.86e-06,2.78e-06
5.372e-06,2.42e-06,7.4e-06,5.445e-06,2.42e-06
5.475e-06,2.64e-06,7.47e-06,5.495e-06,2.64e-06
5.237e-06,2.28e-06,7.22e-06,5.201e-06,2.28e-06
5.198e-06,2.52e-06,7.18e-06,4.99e-06,2.52e-06
5.36e-06,2.69e-06,7.46e-06,5.471e-06,2.69e-06
5.302e-06,2.33e-06,7.16e-06,5.355e-06,2.33e-06
5.418e-06,2.57e-06,7.65e-06,5.34e-06,2.57e-06
5.663e-06,2.57e-06,8.14e-06,5.88e-06,3.16e-06
5.196e-06,2.4e-06,7.21e-06,5.375e-06,2.4e-06
5.513e-06,2.86e-06,7.52e-06,5.476e-06,2.86e-06
5.502e-06,2.56e-06,7.5e-06,5.525e-06,2.56e-06
5.412e-06,2.57e-06,7.56e-06,5.55e-06,2.57e-06
5.403e-06,2.6e-06,7.66e-06,5.455e-06,2.6e-06
5.337e-06,2.32e-06,7.3e-06,5.341e-06,2.32e-06
5.311e-06,2.61e-06,7.36e-06,5.21e-06,2.61e-06
5.391e-06,2.68e-06,7.39e-06,5.465e-06,2.86e-06
5.393e-06,2.81e-06,7.36e-06,5.336e-06,3.06e-06
5.434e-06,2.66e-06,7.44e-06,5.515e-06,2.66e-06
5.414e-06,2.95e-06,7.56e-06,5.29e-06,3.05e-06
5.314e-06,2.57e-06,7.25e-06,5.41e-06,2.57e-06
5.328e-06,2.56e-06,7.521e-06,5.135e-06,2.56e-06
5.47e-06,2.5e-06,7.36e-06,5.725e-06,2.5e-06
5.541e-06,2.62e-06,7.58e-06,5.795e-06,2.98e-06
5.44e-06,2.67e-06,7.61e-06,5.491e-06,2.67e-06
5.342e-06,2.38e-06,7.49e-06,5.28e-06,2.38e-06
5.379e-06,2.76e-06,7.32e-06,5.365e-06,2.76e-06
5.412e-06,2.67e-06,7.52e-06,5.57e-06,2.67e-06
5.449e-06,2.73e-06,7.911e-06,5.325e-06,2.81e-06
5.446e-06,2.31e-06,7.72e-06,5.56e-06,2.31e-06
5.262e-06,2.56e-06,7.27e-06,5.21e-06,2.56e-06
5.302e-06,2.61e-06,7.34e-06,5.411e-06,2.61e-06
5.314e-06,2.68e-06,7.66e-06,5.175e-06,2.68e-06
5.394e-06,2.72e-06,7.45e-06,5.435e-06,2.72e-06
5.255e-06,2.48e-06,7.32e-06,5.315e-06,2.48e-06
5.699e-06,2.881e-06,7.641e-06,5.875e-06,2.881e-06
5.444e-06,2.47e-06,7.9e-06,5.48e-06,2.47e-06
5.358e-06,2.19e-06,7.59e-06,5.57e-06,2.19e-06
5.697e-06,2.031e-06,7.59e-06,5.846e-06,2.031e-06
5.411e-06,2.72e-06,7.49e-06,5.415e-06,2.72e-06
5.254e-06,2.6e-06,7.34e-06,5.14e-06,2.6e-06
5.392e-06,2.571e-06,7.69e-06,5.531e-06,2.571e-06
5.301e-06,2.54e-06,7.361e-06,5.315e-06,2.54e-06
5.363e-06,2.62e-06,7.43e-06,5.56e-06,2.62e-06
5.407e-06,2.551e-06,7.32e-06,5.41e-06,2.551e-06
5.671e-06,2.92e-06,7.96e-06,5.695e-06,2.97e-06
5.352e-06,2.64e-06,7.47e-06,5.435e-06,2.64e-06
5.318e-06,2.51e-06,7.38e-06,5.42e-06,2.51e-06
5.668e-06,2.4e-06,7.78e-06,5.735e-06,3.26e-06
5.289e-06,2.43e-06,7.541e-06,5.355e-06,2.43e-06
5.236e-06,2.58e-06,7.18e-06,5.24e-06,2.58e-06
5.379e-06,2.47e-06,7.49e-06,5.425e-06,2.47e-06
5.452e-06,2.1e-06,7.63e-06,5.47e-06,2.1e-06
5.297e-06,2.7e-06,7.2e-06,5.275e-06,2.81e-06
5.262e-06,2.53e-06,7.27e-06,5.34e-06,2.53e-06
5.536e-06,2.41e-06,7.72e-06,5.715e-06,2.41e-06
5.28e-06,2.68e-06,7.3e-06,5.205e-06,2.68e-06
5.466e-06,2.71e-06,7.71e-06,5.5e-06,2.77e-06
5.172e-06,2.54e-06,7.13e-06,4.915e-06,2.54e-06
5.289e-06,2.51e-06,7.46e-06,5.3e-06,2.51e-06
5.207e-06,2.56e-06,7.47e-06,5.275e-06,2.56e-06
5.507e-06,2.58e-06,7.65e-06,5.445e-06,2.58e-06
5.529e-06,2.7e-06,7.84e-06,5.62e-06,2.7e-06
5.225e-06,2.54e-06,7.17e-06,5.325e-06,2.54e-06
5.337e-06,2.75e-06,7.3e-06,5.375e-06,2.75e-06
5.468e-06,2.63e-06,7.54e-06,5.655e-06,2.63e-06
5.623e-06,2.71e-06,7.75e-06,5.825e-06,2.95e-06
6.033e-06,2.08e-06,8.44e-06,6.3e-06,3.71e-06
5.303e-06,2.53e-06,7.231e-06,5.305e-06,2.53e-06
5.349e-06,2.69e-06,7.61e-06,5.335e-06,2.69e-06
5.311e-06,2.62e-06,7.36e-06,5.39e-06,2.62e-06
5.293e-06,2.49e-06,7.28e-06,5.365e-06,2.49e-06
5.265e-06,2.61e-06,7.29e-06,5.24e-06,2.61e-06
5.338e-06,2.06e-06,7.58e-06,5.46e-06,2.06e-06
5.428e-06,2.68e-06,7.5e-06,5.445e-06,2.68e-06
5.716e-06,2.45e-06,7.811e-06,5.99e-06,3.14e-06
5.276e-06,2.53e-06,7.22e-06,5.235e-06,2.53e-06
5.65e-06,2.72e-06,7.85e-06,5.926e-06,2.83e-06
5.453e-06,2.07e-06,7.711e-06,5.565e-06,2.07e-06
5.277e-06,2.55e-06,7.37e-06,5.385e-06,2.55e-06
5.243e-06,2.58e-06,7.37e-06,5.215e-06,2.58e-06
5.42e-06,2.67e-06,7.41e-06,5.495e-06,2.67e-06
5.295e-06,2.35e-06,7.1e-06,5.22e-06,2.35e-06
5.578e-06,2.48e-06,7.69e-06,5.545e-06,3.04e-06
5.35e-06,2.04e-06,7.54e-06,5.315e-06,2.04e-06
5.683e-06,2.5e-06,7.821e-06,5.83e-06,2.951e-06
5.236e-06,2.53e-06,7.131e-06,5.17e-06,2.53e-06
5.27e-06,2.17e-06,7.31e-06,5.295e-06,2.17e-06
5.705e-06,2.74e-06,7.97e-06,5.885e-06,2.951e-06
5.299e-06,2.31e-06,7.26e-06,5.435e-06,2.31e-06
5.334e-06,2.6e-06,7.35e-06,5.315e-06,2.6e-06
5.454e-06,2.061e-06,7.69e-06,5.515e-06,2.061e-06
5.433e-06,2.68e-06,7.801e-06,5.465e-06,2.68e-06
5.486e-06,2.75e-06,7.66e-06,5.625e-06,3.14e-06
5.371e-06,2.821e-06,7.5e-06,5.46e-06,2.821e-06
5.628e-06,2.68e-06,7.76e-06,5.85e-06,2.68e-06
5.499e-06,2.81e-06,7.62e-06,5.545e-06,2.81e-06
5.489e-06,2.65e-06,7.62e-06,5.6e-06,2.65e-06
5.652e-06,2.67e-06,7.79e-06,5.731e-06,2.99e-06
5.344e-06,2.48e-06,7.661e-06,5.445e-06,2.48e-06
5.308e-06,2.6e-06,7.5e-06,5.33e-06,2.6e-06
5.389e-06,2.68e-06,7.39e-06,5.51e-06,2.68e-06
5.242e-06,2.48e-06,7.29e-06,5.41e-06,2.48e-06
5.343e-06,2.41e-06,7.47e-06,5.395e-06,2.41e-06
5.218e-06,2.42e-06,7.26e-06,5.046e-06,2.42e-06
5.432e-06,2.55e-06,7.68e-06,5.546e-06,2.55e-06
5.26e-06,2.49e-06,7.141e-06,5.23e-06,2.49e-06
5.42e-06,2.61e-06,7.86e-06,5.545e-06,2.61e-06
5.39e-06,2.58e-06,7.43e-06,5.58e-06,2.58e-06
5.263e-06,2.22e-06,7.22e-06,5.225e-06,2.22e-06
5.391e-06,2.4e-06,7.38e-06,5.57e-06,2.4e-06
5.726e-06,2.49e-06,8.03e-06,5.95e-06,3.08e-06
5.446e-06,2.39e-06,7.38e-06,5.546e-06,2.39e-06
5.529e-06,2.67e-06,7.87e-06,5.635e-06,2.67e-06
5.314e-06,2.2e-06,7.15e-06,5.46e-06,2.2e-06
5.674e-06,2.42e-06,7.88e-06,5.905e-06,3.12e-06
5.328e-06,2.37e-06,7.38e-06,5.27e-06,2.37e-06
5.222e-06,2.23e-06,7.26e-06,5.155e-06,2.23e-06
5.271e-06,2.38e-06,7.221e-06,5.275e-06,2.38e-06
5.72e-06,2.2e-06,7.86e-06,5.981e-06,3.35e-06
5.898e-06,2.31e-06,8.1e-06,6.08e-06,3.6e-06
5.431e-06,2.81e-06,7.67e-06,5.585e-06,2.92e-06
5.295e-06,2.31e-06,7.131e-06,5.295e-06,2.31e-06
5.329e-06,2.25e-06,7.37e-06,5.41e-06,2.25e-06
5.253e-06,2.59e-06,7.51e-06,5.145e-06,2.59e-06
5.361e-06,2.65e-06,7.38e-06,5.255e-06,2.65e-06
5.329e-06,2.53e-06,7.32e-06,5.261e-06,2.53e-06
5.297e-06,2.38e-06,7.46e-06,5.345e-06,2.38e-06
5.554e-06,2.8e-06,7.76e-06,5.675e-06,2.83e-06
5.415e-06,2.61e-06,7.58e-06,5.55e-06,2.61e-06
5.423e-06,2.64e-06,7.62e-06,5.555e-06,2.64e-06
5.281e-06,2.27e-06,7.28e-06,5.355e-06,2.27e-06
5.579e-06,2.53e-06,7.6e-06,5.625e-06,3.05e-06
5.376e-06,2.6e-06,7.381e-06,5.365e-06,2.6e-06
5.414e-06,2.52e-06,7.53e-06,5.56e-06,2.52e-06
5.396e-06,2.701e-06,7.99e-06,5.305e-06,2.701e-06
5.323e-06,2.51e-06,7.65e-06,5.326e-06,2.51e-06
5.418e-06,2.71e-06,7.54e-06,5.495e-06,2.71e-06
5.208e-06,2.591e-06,7.09e-06,5.255e-06,2.591e-06
5.376e-06,2.45e-06,7.47e-06,5.365e-06,2.45e-06
5.303e-06,2.25e-06,7.45e-06,5.37e-06,2.25e-06
5.288e-06,2.541e-06,7.44e-06,5.1e-06,2.541e-06
5.242e-06,2.45e-06,7.3e-06,5.165e-06,2.45e-06
5.291e-06,2.57e-06,7.42e-06,5.275e-06,2.57e-06
5.659e-06,2.66e-06,7.991e-06,5.75e-06,2.971e-06
5.296e-06,2.66e-06,7.48e-06,5.445e-06,2.66e-06
5.39e-06,2.49e-06,7.4e-06,5.425e-06,2.49e-06
5.438e-06,2.62e-06,7.54e-06,5.546e-06,2.821e-06
5.359e-06,2.47e-06,7.4e-06,5.33e-06,2.47e-06
5.196e-06,2.39e-06,7.461e-06,4.92e-06,2.39e-06
5.384e-06,2.52e-06,7.48e-06,5.555e-06,2.52e-06
5.433e-06,2.57e-06,7.65e-06,5.57e-06,2.57e-06
5.465e-06,2.79e-06,7.66e-06,5.605e-06,2.79e-06
5.714e-06,2.73e-06,7.87e-06,5.895e-06,2.73e-06
5.391e-06,2.72e-06,7.44e-06,5.471e-06,2.72e-06
5.234e-06,2.4e-06,7.4e-06,5.175e-06,2.4e-06
5.317e-06,2.67e-06,7.551e-06,5.25e-06,2.67e-06
5.369e-06,2.25e-06,7.45e-06,5.515e-06,2.25e-06
5.6e-06,2.54e-06,7.56e-06,5.545e-06,3.04e-06
5.712e-06,2.36e-06,7.91e-06,5.81e-06,2.36e-06
5.765e-06,2.61e-06,8.25e-06,5.97e-06,3.07e-06
5.584e-06,2.7e-06,7.79e-06,5.746e-06,2.86e-06
5.246e-06,2.43e-06,7.151e-06,5.35e-06,2.43e-06
5.288e-06,2.31e-06,7.271e-06,5.365e-06,2.31e-06
5.306e-06,2.24e-06,7.53e-06,5.33e-06,2.24e-06
7.616e-06,2.05e-06,1.299e-05,7.57e-06,6.64e-06
5.449e-06,2.7e-06,7.94e-06,5.64e-06,2.86e-06
5.323e-06,2.49e-06,7.43e-06,5.431e-06,2.49e-06
5.624e-06,2.54e-06,7.93e-06,5.81e-06,2.54e-06
5.621e-06,1.98e-06,7.61e-06,5.81e-06,1.98e-06
5.355e-06,2.331e-06,7.431e-06,5.395e-06,2.331e-06
5.314e-06,2.27e-06,7.4e-06,5.345e-06,2.27e-06
5.346e-06,2.11e-06,7.38e-06,5.17e-06,2.11e-06
5.623e-06,2.57e-06,8.07e-06,5.8e-06,2.981e-06
5.273e-06,2.43e-06,7.37e-06,5.44e-06,2.43e-06
5.324e-06,2.4e-06,7.41e-06,5.365e-06,2.4e-06
5.449e-06,2.821e-06,7.6e-06,5.52e-06,2.821e-06
5.301e-06,2.21e-06,7.311e-06,5.395e-06,2.21e-06
5.313e-06,2.64e-06,7.29e-06,5.29e-06,2.64e-06
5.28e-06,2.2e-06,7.34e-06,5.285e-06,2.2e-06
5.469e-06,2.62e-06,7.55e-06,5.6e-06,2.62e-06
5.537e-06,2.58e-06,7.63e-06,5.585e-06,2.9e-06
5.365e-06,2.6e-06,7.36e-06,5.42e-06,2.6e-06
5.41e-06,2.73e-06,7.38e-06,5.65e-06,2.73e-06
5.597e-06,2.68e-06,7.951e-06,5.77e-06,2.92e-06
5.697e-06,2.51e-06,7.96e-06,5.866e-06,2.94e-06
5.481e-06,2.84e-06,7.5e-06,5.675e-06,2.84e-06
5.377e-06,2.54e-06,7.5e-06,5.465e-06,2.54e-06
5.418e-06,2.6e-06,7.64e-06,5.42e-06,2.6e-06
5.702e-06,2.6e-06,7.85e-06,5.97e-06,3.02e-06
5.398e-06,2.29e-06,7.45e-06,5.47e-06,2.29e-06
5.606e-06,2.61e-06,7.821e-06,5.58e-06,3.17e-06
5.283e-06,2.58e-06,7.4e-06,5.265e-06,2.58e-06
5.386e-06,2.72e-06,7.69e-06,5.245e-06,2.72e-06
5.286e-06,2.51e-06,7.68e-06,5.125e-06,2.51e-06
5.228e-06,2.39e-06,7.19e-06,5.31e-06,2.39e-06
5.474e-06,2.7e-06,7.291e-06,5.731e-06,2.9e-06
5.457e-06,2.34e-06,7.63e-06,5.595e-06,2.34e-06
5.337e-06,2.38e-06,7.28e-06,5.445e-06,2.38e-06
5.589e-06,2.511e-06,7.61e-06,5.81e-06,3.02e-06
5.371e-06,2.73e-06,7.49e-06,5.445e-06,2.73e-06
5.382e-06,2.51e-06,7.34e-06,5.41e-06,2.51e-06
5.456e-06,2.83e-06,7.62e-06,5.495e-06,2.83e-06
5.399e-06,2.01e-06,7.39e-06,5.481e-06,2.01e-06
5.626e-06,2.6e-06,7.75e-06,5.68e-06,3.03e-06
4.953e-06,2.49e-06,6.89e-06,4.75e-06,2.49e-06
5.256e-06,2.65e-06,7.44e-06,5.315e-06,2.65e-06
5.267e-06,2.73e-06,7.32e-06,5.495e-06,2.73e-06
5.668e-06,2.58e-06,7.95e-06,5.845e-06,3.03e-06
5.327e-06,2.5e-06,7.44e-06,5.33e-06,2.5e-06
5.528e-06,2.71e-06,7.58e-06,5.58e-06,2.98e-06
5.418e-06,2.75e-06,7.52e-06,5.435e-06,2.75e-06
5.185e-06,2.49e-06,7.22e-06,5.065e-06,2.49e-06
5.763e-06,2.15e-06,8.18e-06,5.81e-06,2.15e-06
5.488e-06,2.761e-06,7.47e-06,5.445e-06,2.761e-06
5.392e-06,2.821e-06,7.54e-06,5.475e-06,2.84e-06
5.498e-06,2.14e-06,7.65e-06,5.655e-06,2.14e-06
5.412e-06,2.531e-06,7.51e-06,5.56e-06,2.531e-06
5.346e-06,2.69e-06,7.28e-06,5.35e-06,2.69e-06
5.592e-06,2.77e-06,7.81e-06,5.8e-06,2.79e-06
5.414e-06,2.14e-06,7.57e-06,5.54e-06,2.14e-06
5.38e-06,2.28e-06,7.47e-06,5.38e-06,2.28e-06
5.327e-06,2.55e-06,7.49e-06,5.49e-06,2.55e-06
5.969e-06,2.1e-06,8.39e-06,6.17e-06,3.42e-06
5.273e-06,2.68e-06,7.22e-06,5.215e-06,2.68e-06
5.424e-06,2.25e-06,7.31e-06,5.52e-06,2.25e-06
5.405e-06,2.89e-06,7.54e-06,5.425e-06,2.89e-06
5.498e-06,2.51e-06,7.671e-06,5.58e-06,2.51e-06
5.302e-06,2.68e-06,7.4e-06,5.275e-06,2.68e-06
5.678e-06,1.9e-06,7.76e-06,5.875e-06,1.9e-06
5.353e-06,2.78e-06,7.43e-06,5.256e-06,2.78e-06
5.323e-06,2.67e-06,7.4e-06,5.395e-06,2.67e-06
5.381e-06,2.51e-06,7.49e-06,5.32e-06,2.51e-06
5.407e-06,2.2e-06,7.61e-06,5.65e-06,2.2e-06
5.412e-06,2.49e-06,7.491e-06,5.385e-06,2.49e-06
5.347e-06,2.49e-06,7.44e-06,5.405e-06,2.49e-06
5.337e-06,2.56e-06,7.41e-06,5.51e-06,2.56e-06
5.6e-06,2.59e-06,7.82e-06,5.67e-06,2.96e-06
5.376e-06,2.57e-06,7.31e-06,5.436e-06,2.57e-06
5.531e-06,2.69e-06,8.98e-06,5.326e-06,2.69e-06
5.616e-06,2.43e-06,7.9e-06,5.85e-06,3.24e-06
8.035e-06,2.67e-06,1.0121e-05,8.476e-06,6.38e-06
5.434e-06,2.17e-06,7.36e-06,5.305e-06,2.17e-06
5.444e-06,2.54e-06,7.78e-06,5.546e-06,2.54e-06
5.758e-06,2.79e-06,8.15e-06,5.99e-06,3.1e-06
5.514e-06,2.62e-06,7.56e-06,5.655e-06,2.85e-06
5.503e-06,2.65e-06,7.66e-06,5.715e-06,2.65e-06
5.322e-06,2.64e-06,7.68e-06,5.285e-06,2.64e-06
5.247e-06,2.58e-06,7.29e-06,5.165e-06,2.58e-06
5.419e-06,2.7e-06,7.34e-06,5.455e-06,2.7e-06
5.104e-06,2.61e-06,7.19e-06,4.74e-06,2.61e-06
5.286e-06,2.44e-06,7.48e-06,5.385e-06,2.44e-06
5.41e-06,2.52e-06,7.45e-06,5.491e-06,2.52e-06
5.49e-06,2.59e-06,7.55e-06,5.54e-06,2.59e-06
5.213e-06,2.63e-06,7.29e-06,5.3e-06,2.63e-06
5.455e-06,2.16e-06,7.63e-06,5.71e-06,2.16e-06
5.309e-06,2.48e-06,7.37e-06,5.13e-06,2.48e-06
5.582e-06,2.54e-06,7.62e-06,5.78e-06,2.95e-06
5.405e-06,2.85e-06,7.52e-06,5.4e-06,2.85e-06
5.508e-06,1.86e-06,7.51e-06,5.765e-06,1.86e-06
5.494e-06,2.52e-06,7.66e-06,5.575e-06,2.52e-06
5.983e-06,2.05e-06,8.161e-06,6.06e-06,3.6e-06
5.365e-06,2.62e-06,7.43e-06,5.405e-06,2.62e-06
5.305e-06,2.65e-06,7.29e-06,5.385e-06,2.65e-06
5.445e-06,2.29e-06,7.59e-06,5.61e-06,2.29e-06
6.058e-06,2.28e-06,8.48e-06,6.381e-06,3.29e-06
5.403e-06,2.44e-06,7.49e-06,5.435e-06,2.44e-06
5.918e-06,2.14e-06,8.03e-06,6.27e-06,3.51e-06
5.34e-06,2.18e-06,7.32e-06,5.49e-06,2.18e-06
5.384e-06,2.471e-06,7.28e-06,5.485e-06,2.471e-06
5.386e-06,2.29e-06,7.44e-06,5.455e-06,2.29e-06
5.438e-06,2.71e-06,7.46e-06,5.56e-06,2.71e-06
5.373e-06,2.771e-06,7.27e-06,5.475e-06,2.771e-06
5.394e-06,2.4e-06,7.5e-06,5.465e-06,2.4e-06
5.41e-06,2.72e-06,7.42e-06,5.475e-06,2.72e-06
5.236e-06,2.33e-06,7e-06,5.24e-06,2.33e-06
5.31e-06,2.56e-06,7.5e-06,5.23e-06,2.56e-06
5.364e-06,2.63e-06,7.51e-06,5.415e-06,2.63e-06
5.514e-06,2.61e-06,7.82e-06,5.79e-06,3.14e-06
5.526e-06,1.94e-06,7.53e-06,5.716e-06,1.94e-06
5.435e-06,2.77e-06,7.45e-06,5.425e-06,2.9e-06
5.886e-06,2.74e-06,8.15e-06,6.285e-06,2.96e-06
5.8e-06,2.85e-06,8.03e-06,6.11e-06,2.85e-06
5.279e-06,2.58e-06,7.42e-06,5.19e-06,2.58e-06
5.406e-06,2.68e-06,7.64e-06,5.595e-06,2.68e-06
5.935e-06,2.36e-06,8.28e-06,6.15e-06,3.16e-06
5.127e-06,2.55e-06,7.13e-06,4.891e-06,2.55e-06
5.526e-06,2.42e-06,7.44e-06,5.56e-06,2.42e-06
5.292e-06,2.33e-06,7.25e-06,5.166e-06,2.33e-06
5.382e-06,2.32e-06,7.39e-06,5.29e-06,2.32e-06
5.238e-06,2.64e-06,6.871e-06,5.115e-06,2.64e-06
5.38e-06,2.61e-06,7.73e-06,5.455e-06,2.61e-06
7.346e-06,2.77e-06,2.387e-05,6.335e-06,2.77e-06
5.39e-06,2.48e-06,7.76e-06,5.675e-06,4.46e-06
5.538e-06,3.12e-06,7.54e-06,5.365e-06,3.161e-06
5.419e-06,2.64e-06,7.62e-06,5.525e-06,2.64e-06
5.427e-06,2.7e-06,7.57e-06,5.48e-06,2.7e-06
5.345e-06,2.58e-06,7.48e-06,5.38e-06,2.58e-06
5.429e-06,2.7e-06,7.53e-06,5.385e-06,3.03e-06
5.438e-06,2.24e-06,7.73e-06,5.61e-06,2.24e-06
5.352e-06,2.62e-06,7.47e-06,5.381e-06,2.62e-06
5.491e-06,2.73e-06,7.6e-06,5.47e-06,2.73e-06
5.343e-06,2.45e-06,7.51e-06,5.375e-06,2.45e-06
5.291e-06,2.66e-06,7.29e-06,5.32e-06,2.66e-06
5.766e-06,2.82e-06,7.94e-06,5.95e-06,2.82e-06
5.284e-06,2.51e-06,7.32e-06,5.375e-06,2.51e-06
5.319e-06,2.58e-06,7.4e-06,5.355e-06,2.58e-06
5.509e-06,1.92e-06,7.45e-06,5.68e-06,1.92e-06
1.7117e-05,1.92e-06,2.9261e-05,1.7316e-05,2.4351e-05
5.756e-06,2.43e-06,8.09e-06,5.85e-06,3.01e-06
5.298e-06,2.47e-06,7.2e-06,5.435e-06,2.47e-06
5.41e-06,2.59e-06,7.45e-06,5.465e-06,2.59e-06
5.342e-06,2.73e-06,7.37e-06,5.54e-06,2.73e-06
5.675e-06,2.501e-06,7.78e-06,5.915e-06,3.4e-06
5.746e-06,2.51e-06,7.88e-06,5.855e-06,3.12e-06
5.334e-06,2.7e-06,7.581e-06,5.28e-06,2.7e-06
5.554e-06,2.69e-06,7.84e-06,5.58e-06,2.9e-06
5.583e-06,2.5e-06,7.93e-06,5.59e-06,3.02e-06
5.822e-06,2.73e-06,7.97e-06,6.065e-06,2.94e-06
5.237e-06,2.7e-06,7.25e-06,5.335e-06,2.7e-06
5.288e-06,2.42e-06,7.4e-06,5.31e-06,2.42e-06
5.306e-06,2.33e-06,7.27e-06,5.3e-06,2.33e-06
5.381e-06,2.35e-06,7.651e-06,5.48e-06,2.35e-06
5.228e-06,2.5e-06,7.28e-06,5.325e-06,2.5e-06
5.339e-06,2.51e-06,7.45e-06,5.39e-06,2.51e-06
5.487e-06,2.57e-06,7.64e-06,5.461e-06,2.57e-06
5.226e-06,2.55e-06,7.24e-06,5.255e-06,2.55e-06
5.667e-06,2.69e-06,7.83e-06,6.01e-06,2.8e-06
5.436e-06,2.52e-06,7.65e-06,5.54e-06,2.52e-06
5.417e-06,2.48e-06,7.46e-06,5.57e-06,2.48e-06
5.363e-06,2.71e-06,7.49e-06,5.436e-06,2.71e-06
5.391e-06,2.32e-06,7.32e-06,5.545e-06,2.32e-06
5.361e-06,2.66e-06,7.51e-06,5.235e-06,2.66e-06
5.366e-06,2.67e-06,7.56e-06,5.33e-06,2.67e-06
5.421e-06,2.49e-06,7.59e-06,5.485e-06,2.49e-06
5.462e-06,2.6e-06,7.511e-06,5.655e-06,2.6e-06
5.426e-06,2.75e-06,7.31e-06,5.515e-06,2.75e-06
5.361e-06,2.65e-06,7.47e-06,5.54e-06,2.65e-06
5.68e-06,2.51e-06,7.82e-06,5.815e-06,3.12e-06
5.327e-06,2.27e-06,7.37e-06,5.496e-06,2.27e-06
5.402e-06,2.63e-06,7.48e-06,5.445e-06,2.63e-06
5.404e-06,2.57e-06,7.42e-06,5.47e-06,2.57e-06
5.773e-06,2.21e-06,7.93e-06,5.97e-06,3.34e-06
5.549e-06,2.7e-06,7.63e-06,5.77e-06,2.78e-06
5.473e-06,2.72e-06,7.56e-06,5.565e-06,2.72e-06
5.503e-06,2.701e-06,7.74e-06,5.595e-06,2.701e-06
5.419e-06,2.68e-06,7.46e-06,5.526e-06,2.68e-06
5.427e-06,2.74e-06,7.39e-06,5.495e-06,2.74e-06
5.663e-06,2.761e-06,8.14e-06,5.77e-06,2.761e-06
5.389e-06,2.79e-06,7.34e-06,5.58e-06,2.9e-06
5.187e-06,2.56e-06,7.15e-06,5.295e-06,2.56e-06
5.882e-06,2.46e-06,8.15e-06,6.13e-06,3.441e-06
5.484e-06,2.56e-06,7.66e-06,5.62e-06,2.56e-06
5.58e-06,2.69e-06,7.88e-06,5.681e-06,2.69e-06
5.48e-06,2.44e-06,7.61e-06,5.69e-06,2.44e-06
5.481e-06,2.68e-06,7.63e-06,5.67e-06,2.8e-06
5.337e-06,2.59e-06,7.49e-06,5.355e-06,2.59e-06
5.505e-06,2.71e-06,7.49e-06,5.625e-06,2.71e-06
5.367e-06,2.64e-06,7.39e-06,5.41e-06,2.64e-06
5.309e-06,2.16e-06,7.42e-06,5.465e-06,2.16e-06
5.406e-06,2.79e-06,7.5e-06,5.51e-06,2.79e-06
5.582e-06,2.64e-06,7.92e-06,5.645e-06,2.64e-06
5.235e-06,2.36e-06,7.18e-06,5.125e-06,2.36e-06
5.36e-06,2.59e-06,7.46e-06,5.425e-06,2.59e-06
5.631e-06,2.77e-06,7.99e-06,5.755e-06,2.83e-06
5.521e-06,2.64e-06,7.641e-06,5.645e-06,2.64e-06
5.412e-06,2.56e-06,7.28e-06,5.536e-06,2.56e-06
5.796e-06,2.16e-06,8.25e-06,5.89e-06,3.46e-06
5.417e-06,2.61e-06,7.62e-06,5.57e-06,2.61e-06
5.283e-06,2.57e-06,7.29e-06,5.4e-06,2.57e-06
5.347e-06,2.56e-06,7.41e-06,5.35e-06,2.56e-06
5.327e-06,2.59e-06,7.53e-06,5.235e-06,2.59e-06
5.292e-06,2.48e-06,7.491e-06,5.32e-06,2.48e-06
5.502e-06,2.65e-06,7.63e-06,5.605e-06,2.84e-06
5.469e-06,2.33e-06,7.5e-06,5.576e-06,2.33e-06
5.227e-06,2.46e-06,7.47e-06,5.24e-06,2.46e-06
5.365e-06,2.44e-06,7.48e-06,5.405e-06,2.44e-06
5.654e-06,2.5e-06,7.81e-06,5.745e-06,3.05e-06
5.215e-06,2.47e-06,7.1e-06,5.215e-06,2.47e-06
5.54e-06,2.7e-06,7.791e-06,5.72e-06,2.77e-06
5.721e-06,2.5e-06,7.99e-06,5.79e-06,3.24e-06
5.313e-06,2.53e-06,7.45e-06,5.321e-06,2.53e-06
5.394e-06,2.49e-06,7.3e-06,5.415e-06,2.49e-06
5.199e-06,2.6e-06,7.04e-06,5.105e-06,2.6e-06
5.556e-06,2.77e-06,7.68e-06,5.631e-06,2.77e-06
5.383e-06,2.52e-06,7.47e-06,5.455e-06,2.52e-06
5.523e-06,2.76e-06,7.571e-06,5.57e-06,2.851e-06
5.495e-06,2.73e-06,7.73e-06,5.57e-06,2.73e-06
5.313e-06,2.45e-06,7.29e-06,5.33e-06,2.45e-06
5.335e-06,2.251e-06,7.621e-06,5.18e-06,2.251e-06
5.774e-06,2.19e-06,7.86e-06,5.97e-06,3.49e-06
5.299e-06,2.5e-06,7.4e-06,5.435e-06,2.5e-06
5.452e-06,2.821e-06,7.39e-06,5.635e-06,2.821e-06
5.43e-06,2.69e-06,7.501e-06,5.526e-06,2.69e-06
5.337e-06,2.61e-06,7.47e-06,5.375e-06,2.61e-06
2.0143e-05,2.09e-06,2.607e-05,2.405e-05,2.109e-05
5.247e-06,2.51e-06,7.24e-06,5.161e-06,2.51e-06
5.405e-06,2.67e-06,7.68e-06,5.46e-06,2.88e-06
5.355e-06,2.49e-06,7.461e-06,5.385e-06,2.49e-06
5.331e-06,2.7e-06,7.481e-06,5.275e-06,2.8e-06
5.742e-06,2.56e-06,7.97e-06,5.895e-06,3.18e-06
5.467e-06,2.68e-06,7.66e-06,5.585e-06,2.89e-06
5.339e-06,2.75e-06,7.36e-06,5.555e-06,2.75e-06
5.272e-06,2.24e-06,7.22e-06,5.535e-06,2.24e-06
5.398e-06,2.36e-06,7.48e-06,5.415e-06,2.36e-06
5.564e-06,2.57e-06,7.69e-06,5.656e-06,2.57e-06
5.297e-06,2.48e-06,7.381e-06,5.37e-06,2.48e-06
5.314e-06,2.42e-06,7.46e-06,5.48e-06,2.42e-06
5.282e-06,2.7e-06,7.58e-06,5.17e-06,2.7e-06
5.426e-06,2.5e-06,7.591e-06,5.48e-06,2.5e-06
5.645e-06,2.8e-06,7.79e-06,5.78e-06,2.96e-06
5.459e-06,2.161e-06,7.56e-06,5.7e-06,2.161e-06
5.376e-06,2.71e-06,7.54e-06,5.46e-06,2.71e-06
5.526e-06,2.85e-06,7.551e-06,5.545e-06,3.06e-06
5.655e-06,2.41e-06,7.86e-06,5.791e-06,3.101e-06
5.447e-06,2.67e-06,7.62e-06,5.48e-06,2.67e-06
5.455e-06,2.81e-06,7.49e-06,5.67e-06,2.81e-06
5.563e-06,2.59e-06,7.73e-06,5.745e-06,2.881e-06
5.32e-06,2.53e-06,7.35e-06,5.361e-06,2.53e-06
5.385e-06,2.54e-06,7.49e-06,5.465e-06,2.54e-06
5.312e-06,2.53e-06,7.501e-06,5.295e-06,2.53e-06
5.371e-06,2.47e-06,7.57e-06,5.435e-06,2.47e-06
5.369e-06,2.14e-06,7.47e-06,5.425e-06,2.14e-06
5.48e-06,2.25e-06,7.62e-06,5.68e-06,2.25e-06
5.477e-06,2.63e-06,7.92e-06,5.42e-06,2.63e-06
5.43e-06,2.57e-06,7.51e-06,5.51e-06,2.57e-06
5.435e-06,2.8e-06,7.43e-06,5.43e-06,2.8e-06
5.502e-06,2.33e-06,7.761e-06,5.825e-06,2.33e-06
5.634e-06,2.68e-06,7.89e-06,5.79e-06,3.23e-06
5.606e-06,2.56e-06,7.82e-06,5.76e-06,2.56e-06
5.322e-06,2.7e-06,7.27e-06,5.255e-06,2.7e-06
5.358e-06,2.6e-06,7.48e-06,5.46e-06,2.6e-06
5.425e-06,2.49e-06,7.63e-06,5.436e-06,2.49e-06
5.686e-06,2.63e-06,7.85e-06,5.785e-06,3.05e-06
5.384e-06,2.49e-06,7.38e-06,5.47e-06,2.49e-06
5.389e-06,2.6e-06,7.45e-06,5.55e-06,2.6e-06
5.306e-06,2.53e-06,7.26e-06,5.24e-06,2.53e-06
5.405e-06,2.66e-06,7.38e-06,5.415e-06,2.85e-06
5.232e-06,2.41e-06,7.23e-06,5.275e-06,2.41e-06
5.249e-06,2.66e-06,7.28e-06,5.365e-06,2.66e-06
5.727e-06,2.49e-06,8e-06,6.06e-06,3.07e-06
5.693e-06,2.63e-06,7.9e-06,5.99e-06,2.87e-06
5.846e-06,2.51e-06,8.11e-06,6.07e-06,3.2e-06
5.392e-06,2.55e-06,7.38e-06,5.575e-06,2.55e-06
5.381e-06,2.14e-06,7.69e-06,5.425e-06,2.14e-06
5.32e-06,2.61e-06,7.36e-06,5.39e-06,2.61e-06
5.275e-06,2.51e-06,7.24e-06,5.246e-06,2.51e-06
5.499e-06,2.48e-06,7.58e-06,5.55e-06,2.48e-06
5.328e-06,2.82e-06,7.32e-06,5.165e-06,2.82e-06
5.242e-06,2.76e-06,7.45e-06,4.975e-06,2.76e-06
5.316e-06,2.5e-06,7.31e-06,5.266e-06,2.5e-06
5.778e-06,2.341e-06,8.03e-06,5.91e-06,3.19e-06
5.363e-06,2.431e-06,7.44e-06,5.465e-06,2.431e-06
5.38e-06,2.39e-06,7.56e-06,5.491e-06,2.39e-06
5.376e-06,2.69e-06,7.56e-06,5.58e-06,2.69e-06
5.392e-06,2.621e-06,7.55e-06,5.45e-06,2.621e-06
5.607e-06,2.34e-06,7.89e-06,5.665e-06,3.18e-06
5.62e-06,2.42e-06,7.92e-06,5.6e-06,3.06e-06
5.225e-06,2.381e-06,7.07e-06,5.135e-06,2.381e-06
5.391e-06,2.56e-06,7.44e-06,5.325e-06,2.56e-06
5.284e-06,2.44e-06,7.14e-06,5.311e-06,2.44e-06
5.521e-06,2.61e-06,7.73e-06,5.465e-06,2.94e-06
5.35e-06,2.36e-06,7.48e-06,5.41e-06,2.36e-06
5.237e-06,2.47e-06,7.191e-06,5.28e-06,2.47e-06
5.444e-06,2.65e-06,7.6e-06,5.515e-06,2.65e-06
5.335e-06,2.71e-06,7.24e-06,5.275e-06,2.71e-06
5.506e-06,2.73e-06,7.5e-06,5.59e-06,2.88e-06
5.46e-06,2.75e-06,7.58e-06,5.56e-06,2.75e-06
5.304e-06,2.46e-06,7.42e-06,5.27e-06,2.46e-06
5.378e-06,2.48e-06,7.48e-06,5.54e-06,2.48e-06
5.277e-06,2.69e-06,7.451e-06,5.37e-06,2.69e-06
5.427e-06,2.84e-06,7.56e-06,5.505e-06,3.03e-06
5.511e-06,2.79e-06,7.61e-06,5.67e-06,2.79e-06
5.531e-06,2.54e-06,7.55e-06,5.72e-06,2.54e-06
5.692e-06,2.59e-06,7.87e-06,5.84e-06,3.04e-06
5.312e-06,2.44e-06,7.37e-06,5.42e-06,2.44e-06
5.314e-06,2.42e-06,7.5e-06,5.28e-06,2.42e-06
5.396e-06,2.72e-06,7.33e-06,5.421e-06,2.74e-06
5.288e-06,2.51e-06,7.24e-06,5.32e-06,2.51e-06
5.648e-06,2.58e-06,7.86e-06,5.885e-06,2.95e-06
5.326e-06,2.77e-06,7.21e-06,5.305e-06,2.77e-06
5.323e-06,2.5e-06,7.38e-06,5.31e-06,2.5e-06
5.43e-06,2.81e-06,7.41e-06,5.48e-06,2.81e-06
5.451e-06,2.35e-06,7.77e-06,5.53e-06,2.35e-06
5.738e-06,2.6e-06,7.991e-06,5.89e-06,3.23e-06
5.356e-06,2.59e-06,7.51e-06,5.455e-06,2.59e-06
5.292e-06,2.49e-06,7.18e-06,5.315e-06,2.49e-06
5.414e-06,2.79e-06,7.57e-06,5.51e-06,2.79e-06
5.346e-06,2.75e-06,7.49e-06,5.45e-06,2.75e-06
5.268e-06,2.48e-06,7.45e-06,5.23e-06,2.48e-06
5.392e-06,2.66e-06,7.49e-06,5.4e-06,2.66e-06
5.535e-06,2.69e-06,7.851e-06,5.641e-06,2.69e-06
5.344e-06,2.33e-06,7.44e-06,5.371e-06,2.33e-06
5.224e-06,2.67e-06,7.3e-06,4.935e-06,2.67e-06
5.367e-06,2.75e-06,7.48e-06,5.35e-06,2.75e-06
5.416e-06,2.23e-06,7.25e-06,5.5e-06,2.23e-06
5.609e-06,2.71e-06,7.73e-06,5.595e-06,3.05e-06
5.256e-06,2.6e-06,7.19e-06,5.18e-06,2.6e-06
5.244e-06,2.5e-06,7.24e-06,5.24e-06,2.5e-06
5.458e-06,2.69e-06,7.51e-06,5.625e-06,2.69e-06
5.272e-06,2.55e-06,7.29e-06,5.17e-06,2.55e-06
5.394e-06,2.73e-06,7.46e-06,5.53e-06,2.73e-06
5.404e-06,2.691e-06,7.56e-06,5.58e-06,2.691e-06
5.517e-06,2.63e-06,7.74e-06,5.64e-06,2.63e-06
5.588e-06,2.69e-06,7.98e-06,5.665e-06,2.97e-06
5.295e-06,2.67e-06,7.59e-06,5.41e-06,2.67e-06
5.359e-06,2.09e-06,7.28e-06,5.535e-06,2.09e-06
5.444e-06,2.55e-06,7.46e-06,5.42e-06,2.55e-06
5.488e-06,2.32e-06,7.91e-06,5.54e-06,3.26e-06
5.22e-06,2.33e-06,7.54e-06,5.25e-06,2.33e-06
5.273e-06,2.6e-06,7.2e-06,5.335e-06,2.76e-06
5.287e-06,2.55e-06,7.33e-06,5.345e-06,2.83e-06
5.462e-06,2.46e-06,7.66e-06,5.605e-06,2.9e-06
5.655e-06,2.48e-06,7.88e-06,6.085e-06,2.48e-06
7.577e-06,1.97e-06,1.0441e-05,8.85e-06,1.97e-06
6.94e-06,1.95e-06,9.17e-06,7.12e-06,1.95e-06
5.66e-06,2.33e-06,7.7e-06,5.53e-06,3.19e-06
5.722e-06,2.24e-06,8.09e-06,5.92e-06,3.25e-06
5.265e-06,2.67e-06,7.21e-06,5.181e-06,2.67e-06
5.641e-06,2.7e-06,7.89e-06,5.83e-06,2.81e-06
5.425e-06,2.44e-06,7.771e-06,5.515e-06,2.44e-06
5.607e-06,1.57e-06,7.871e-06,5.54e-06,1.57e-06
5.324e-06,2.19e-06,7.43e-06,5.15e-06,2.19e-06
5.262e-06,2.49e-06,7.53e-06,5.2e-06,2.49e-06
5.903e-06,2.08e-06,8.31e-06,6.135e-06,3.19e-06
5.317e-06,2.34e-06,7.44e-06,5.245e-06,2.34e-06
5.608e-06,2.86e-06,7.64e-06,5.735e-06,3.9e-06
5.02e-06,2.46e-06,6.961e-06,4.69e-06,2.46e-06
5.089e-06,2.32e-06,7.901e-06,5.065e-06,2.32e-06
5.351e-06,2.46e-06,7.25e-06,5.475e-06,2.46e-06
5.557e-06,2.27e-06,7.61e-06,5.755e-06,3.09e-06
5.45e-06,2.24e-06,7.67e-06,5.555e-06,2.24e-06
5.572e-06,2.23e-06,7.77e-06,5.585e-06,3.24e-06
5.282e-06,2.69e-06,7.36e-06,5.19e-06,2.69e-06
4.883e-06,2.33e-06,7.171e-06,4.665e-06,2.33e-06
5.277e-06,2.7e-06,7.28e-06,5.33e-06,2.7e-06
5.534e-06,2.47e-06,7.63e-06,5.63e-06,2.93e-06
5.245e-06,2.62e-06,7.42e-06,4.985e-06,2.62e-06
5.335e-06,2.46e-06,7.27e-06,5.24e-06,3.01e-06
5.18e-06,2.48e-06,7.53e-06,5.201e-06,2.48e-06
5.487e-06,2.47e-06,7.58e-06,5.59e-06,2.97e-06
5.346e-06,2.271e-06,7.96e-06,5.35e-06,2.271e-06
5.533e-06,2.5e-06,7.82e-06,5.62e-06,2.88e-06
5.3e-06,2.57e-06,7.52e-06,5.215e-06,2.79e-06
5.476e-06,2.68e-06,7.78e-06,5.535e-06,2.68e-06
5.365e-06,2.68e-06,7.59e-06,5.33e-06,2.73e-06
5.43e-06,2.45e-06,7.391e-06,5.535e-06,2.86e-06
5.318e-06,2.55e-06,7.43e-06,5.32e-06,2.77e-06
5.255e-06,2.66e-06,7.161e-06,5.356e-06,2.66e-06
5.603e-06,2.47e-06,7.95e-06,5.75e-06,2.8e-06
5.604e-06,2.24e-06,7.86e-06,5.69e-06,3.16e-06
5.691e-06,3.15e-06,7.52e-06,5.595e-06,3.73e-06
5.198e-06,2.68e-06,7.32e-06,5.03e-06,2.68e-06
5.419e-06,2.71e-06,7.64e-06,5.44e-06,2.84e-06
6.236e-06,1.72e-06,8.92e-06,6.315e-06,1.72e-06
5.349e-06,2.65e-06,7.51e-06,5.175e-06,2.71e-06
5.551e-06,2.2e-06,7.8e-06,5.631e-06,3.18e-06
5.458e-06,2.41e-06,7.68e-06,5.53e-06,2.41e-06
5.284e-06,2.54e-06,7.14e-06,5.29e-06,2.8e-06
5.87e-06,2.13e-06,8.05e-06,6.02e-06,3.41e-06
5.343e-06,2.54e-06,7.14e-06,5.43e-06,2.54e-06
5.409e-06,2.59e-06,7.43e-06,5.39e-06,2.69e-06
5.642e-06,2.58e-06,7.801e-06,5.975e-06,3e-06
5.61e-06,2.42e-06,7.9e-06,5.701e-06,2.88e-06
5.123e-06,2.661e-06,7.63e-06,4.96e-06,2.661e-06
5.341e-06,2.65e-06,7.33e-06,5.275e-06,2.65e-06
5.456e-06,2.39e-06,7.72e-06,5.555e-06,2.94e-06
5.023e-06,1.94e-06,7.8e-06,5.125e-06,1.94e-06
5.319e-06,2.5e-06,7.41e-06,5.24e-06,2.5e-06
5.289e-06,2.61e-06,7.291e-06,5.29e-06,2.85e-06
5.804e-06,2.46e-06,7.83e-06,6.046e-06,3.13e-06
5.495e-06,2.91e-06,7.51e-06,5.575e-06,2.92e-06
5.519e-06,2.56e-06,7.74e-06,5.54e-06,2.91e-06
5.404e-06,2.6e-06,7.45e-06,5.47e-06,2.69e-06
5.458e-06,2.5e-06,7.51e-06,5.52e-06,2.91e-06
5.244e-06,2.65e-06,7.31e-06,5.14e-06,2.65e-06
5.824e-06,2.121e-06,7.88e-06,6.42e-06,3.31e-06
5.564e-06,2.18e-06,7.86e-06,5.54e-06,2.18e-06
5.321e-06,2.73e-06,7.39e-06,5.335e-06,2.89e-06
5.385e-06,2.69e-06,7.55e-06,5.37e-06,3.02e-06
5.059e-06,2.02e-06,7.93e-06,5.05e-06,2.02e-06
5.555e-06,2.64e-06,7.69e-06,5.485e-06,2.86e-06
5.314e-06,2.72e-06,7.34e-06,5.175e-06,2.72e-06
5.445e-06,2.69e-06,7.37e-06,5.58e-06,2.69e-06
6.044e-06,2.51e-06,8.07e-06,6.3e-06,3.16e-06
5.253e-06,2.42e-06,7.25e-06,5.155e-06,2.42e-06
5.557e-06,2.41e-06,7.92e-06,5.68e-06,2.89e-06
5.555e-06,2.21e-06,7.67e-06,5.885e-06,3.11e-06
5.627e-06,2.44e-06,8.03e-06,5.921e-06,2.86e-06
5.031e-06,2.65e-06,7.12e-06,4.92e-06,2.81e-06
5.283e-06,2.66e-06,7.21e-06,5.26e-06,2.72e-06
5.281e-06,2.78e-06,7.22e-06,5.11e-06,2.78e-06
5.496e-06,2.461e-06,7.69e-06,5.64e-06,2.81e-06
4.951e-06,2.111e-06,7.33e-06,5.09e-06,2.111e-06
5.155e-06,2.46e-06,7.45e-06,5.115e-06,2.46e-06
5.236e-06,2.69e-06,7.35e-06,5.2e-06,2.69e-06
5.561e-06,2.47e-06,7.74e-06,5.595e-06,2.941e-06
5.5e-06,2.78e-06,7.691e-06,5.47e-06,2.81e-06
5.501e-06,2.67e-06,7.51e-06,5.63e-06,2.96e-06
5.336e-06,2.59e-06,7.39e-06,5.33e-06,2.84e-06
5.285e-06,2.73e-06,7.3e-06,5.155e-06,2.77e-06
5.42e-06,2.77e-06,7.33e-06,5.105e-06,2.77e-06
7.634e-06,2e-06,1.081e-05,8.48e-06,5.46e-06
5.497e-06,2.46e-06,7.461e-06,5.565e-06,2.94e-06
5.41e-06,2.73e-06,7.561e-06,5.546e-06,2.73e-06
5.352e-06,2.64e-06,7.43e-06,5.335e-06,2.64e-06
5.107e-06,2.25e-06,7.68e-06,5.525e-06,3.45e-06
5.612e-06,2.43e-06,7.79e-06,5.765e-06,2.87e-06
5.55e-06,2.36e-06,7.68e-06,5.665e-06,2.99e-06
5.286e-06,2.62e-06,7.3e-06,5.19e-06,2.62e-06
5.424e-06,2.48e-06,7.57e-06,5.36e-06,2.94e-06
5.594e-06,2.74e-06,7.801e-06,5.745e-06,2.74e-06
5.382e-06,1.81e-06,7.69e-06,5.675e-06,1.81e-06
5.186e-06,2.341e-06,7.34e-06,4.89e-06,2.341e-06
5.52e-06,2.75e-06,7.47e-06,5.54e-06,2.82e-06
5.208e-06,2.59e-06,7.31e-06,5.15e-06,2.59e-06
5.494e-06,2.8e-06,7.54e-06,5.535e-06,2.851e-06
5.585e-06,2.35e-06,7.83e-06,5.665e-06,3.01e-06
5.436e-06,2.46e-06,7.691e-06,5.54e-06,2.95e-06
5.071e-06,2.26e-06,7.59e-06,5.47e-06,3.591e-06
5.5e-06,2.56e-06,7.61e-06,5.66e-06,2.89e-06
5.611e-06,2.24e-06,7.7e-06,5.64e-06,3.23e-06
5.298e-06,2.64e-06,7.47e-06,5.415e-06,2.64e-06
5.197e-06,2.62e-06,7.14e-06,5.265e-06,2.62e-06
5.499e-06,2.56e-06,7.71e-06,5.54e-06,2.9e-06
5.287e-06,2.65e-06,7.511e-06,5.315e-06,2.65e-06
5.6e-06,2.56e-06,8.02e-06,5.7e-06,2.56e-06
5.422e-06,2.45e-06,7.65e-06,5.78e-06,3.07e-06
5.124e-06,2.62e-06,7.64e-06,5.005e-06,2.62e-06
5.337e-06,2.72e-06,7.35e-06,5.175e-06,2.8e-06
5.555e-06,2.48e-06,7.77e-06,5.435e-06,3.47e-06
5.464e-06,2.76e-06,7.74e-06,5.515e-06,2.89e-06
6.171e-06,1.63e-06,8.841e-06,6.271e-06,1.63e-06
5.369e-06,2.36e-06,7.51e-06,5.25e-06,2.36e-06
5.53e-06,2.511e-06,7.81e-06,5.63e-06,2.88e-06
5.211e-06,2.69e-06,7.161e-06,5.21e-06,2.69e-06
5.652e-06,2.81e-06,7.75e-06,5.885e-06,2.83e-06
1.1255e-05,1.96e-06,1.873e-05,1.144e-05,1.4e-05
5.318e-06,2.71e-06,7.251e-06,5.47e-06,2.71e-06
5.294e-06,2.43e-06,7.43e-06,5.435e-06,2.43e-06
5.739e-06,2.17e-06,7.94e-06,6.145e-06,3.21e-06
5.559e-06,1.85e-06,7.78e-06,5.885e-06,1.85e-06
5.381e-06,2.66e-06,7.51e-06,5.335e-06,2.71e-06
5.589e-06,2.38e-06,7.75e-06,5.66e-06,3.05e-06
5.344e-06,2.24e-06,8.06e-06,5.78e-06,3.701e-06
5.332e-06,2.5e-06,7.351e-06,5.24e-06,2.5e-06
5.251e-06,2.5e-06,7.2e-06,5.4e-06,2.5e-06
5.583e-06,2.52e-06,7.85e-06,5.605e-06,2.971e-06
5.607e-06,2.21e-06,7.79e-06,5.61e-06,3.22e-06
5.367e-06,2.621e-06,7.43e-06,5.371e-06,2.8e-06
5.495e-06,2.4e-06,7.51e-06,5.62e-06,2.97e-06
5.44e-06,2.5e-06,7.61e-06,5.515e-06,2.92e-06
5.283e-06,2.27e-06,7.051e-06,5.435e-06,2.27e-06
5.191e-06,2.49e-06,7.26e-06,5.065e-06,2.49e-06
5.206e-06,2.66e-06,7.14e-06,5.32e-06,2.67e-06
5.386e-06,2.64e-06,7.46e-06,5.456e-06,2.64e-06
6.643e-06,4.13e-06,9.82e-06,5.835e-06,5.39e-06
5.2e-06,2.45e-06,7.8e-06,5.62e-06,3e-06
5.407e-06,2.07e-06,7.53e-06,5.665e-06,2.07e-06
5.269e-06,2.6e-06,7.511e-06,5.075e-06,2.6e-06
5.343e-06,2.64e-06,7.31e-06,5.405e-06,2.8e-06
5.209e-06,2.65e-06,7.14e-06,4.955e-06,2.65e-06
5.525e-06,2.22e-06,7.71e-06,5.605e-06,3.19e-06
5.184e-06,2.22e-06,7.31e-06,5.015e-06,2.22e-06
5.325e-06,2.66e-06,7.34e-06,5.37e-06,2.66e-06
5.522e-06,2.351e-06,7.67e-06,5.555e-06,3.08e-06
5.496e-06,2.18e-06,7.761e-06,5.605e-06,3.13e-06
5.252e-06,2.63e-06,7.58e-06,5.146e-06,2.71e-06
5.155e-06,2.66e-06,7.22e-06,4.98e-06,2.72e-06
7.296e-06,2.07e-06,9.37e-06,7.465e-06,2.07e-06
5.378e-06,2.63e-06,7.651e-06,5.39e-06,2.861e-06
5.302e-06,2.5e-06,7.27e-06,5.215e-06,2.5e-06
5.435e-06,2.66e-06,7.54e-06,5.47e-06,2.66e-06
5.415e-06,2.611e-06,7.491e-06,5.57e-06,2.611e-06
5.291e-06,2.62e-06,7.45e-06,5.33e-06,2.71e-06
5.283e-06,2.71e-06,7.28e-06,5.28e-06,2.74e-06
5.254e-06,2.58e-06,7.04e-06,5.146e-06,2.821e-06
5.235e-06,2.42e-06,7.161e-06,5.3e-06,2.42e-06
5.395e-06,2.67e-06,7.61e-06,5.395e-06,2.81e-06
5.056e-06,2.631e-06,7.22e-06,5.08e-06,2.631e-06
5.914e-06,2.06e-06,8.161e-06,6.07e-06,3.55e-06
5.518e-06,2.571e-06,7.59e-06,5.535e-06,2.93e-06
5.399e-06,2.49e-06,7.33e-06,5.57e-06,2.97e-06
5.211e-06,2.24e-06,7.75e-06,5.625e-06,3.85e-06
5.315e-06,2.59e-06,7.35e-06,5.31e-06,2.59e-06
5.265e-06,2.66e-06,7.16e-06,5.265e-06,2.66e-06
5.441e-06,2.62e-06,7.67e-06,5.525e-06,2.77e-06
5.127e-06,2.61e-06,7.371e-06,5.2e-06,2.61e-06
5.533e-06,2.5e-06,7.76e-06,5.775e-06,2.94e-06
5.761e-06,2.34e-06,7.98e-06,5.965e-06,3.18e-06
5.231e-06,2.67e-06,7.23e-06,5.295e-06,2.76e-06
5.432e-06,2.58e-06,7.62e-06,5.505e-06,2.58e-06
5.293e-06,2.31e-06,7.57e-06,5.345e-06,2.31e-06
5.358e-06,2.47e-06,7.4e-06,5.285e-06,2.47e-06
5.582e-06,2.2e-06,7.941e-06,5.67e-06,3.28e-06
5.632e-06,2.47e-06,7.67e-06,5.875e-06,2.98e-06
4.966e-06,2.68e-06,7.44e-06,4.99e-06,2.68e-06
5.607e-06,2.47e-06,7.79e-06,5.695e-06,2.47e-06
5.301e-06,2.71e-06,7.41e-06,5.36e-06,2.71e-06
5.379e-06,2.81e-06,7.42e-06,5.38e-06,2.84e-06
5.647e-06,2.43e-06,7.72e-06,5.645e-06,3.1e-06
5.171e-06,2.37e-06,7.671e-06,5.19e-06,2.96e-06
5.256e-06,2.54e-06,7.2e-06,5.23e-06,2.54e-06
5.492e-06,2.45e-06,7.72e-06,5.68e-06,3.09e-06
5.888e-06,2.88e-06,8.27e-06,6.325e-06,4.36e-06
5.225e-06,2.591e-06,7.34e-06,4.875e-06,2.591e-06
5.294e-06,2.67e-06,7.22e-06,5.225e-06,2.67e-06
5.652e-06,2.72e-06,7.88e-06,5.791e-06,2.81e-06
5.421e-06,2.67e-06,7.481e-06,5.505e-06,2.871e-06
5.327e-06,2.1e-06,7.87e-06,5.75e-06,4.12e-06
5.261e-06,2.5e-06,7.25e-06,5.215e-06,2.5e-06
5.459e-06,2.57e-06,7.57e-06,5.475e-06,2.85e-06
5.132e-06,2.51e-06,7.21e-06,5.045e-06,2.51e-06
5.274e-06,2.65e-06,7.27e-06,5.275e-06,2.77e-06
5.189e-06,2.41e-06,7.37e-06,5.44e-06,2.41e-06
5.383e-06,2.6e-06,7.51e-06,5.39e-06,2.72e-06
5.722e-06,2.57e-06,7.97e-06,6.236e-06,2.79e-06
6.492e-06,1.74e-06,8.94e-06,7.28e-06,1.74e-06
5.303e-06,2.51e-06,7.38e-06,5.14e-06,2.51e-06
5.196e-06,2.21e-06,7.71e-06,5.621e-06,3.701e-06
5.312e-06,2.51e-06,7.41e-06,5.356e-06,2.51e-06
5.848e-06,2.29e-06,8.04e-06,5.895e-06,2.29e-06
5.252e-06,2.64e-06,7.471e-06,5.135e-06,2.72e-06
5.318e-06,2.62e-06,7.141e-06,5.345e-06,2.62e-06
5.388e-06,2.33e-06,7.54e-06,5.336e-06,2.33e-06
5.454e-06,2.87e-06,7.43e-06,5.345e-06,2.87e-06
5.247e-06,2.61e-06,7.28e-06,5.275e-06,2.61e-06
5.462e-06,2.51e-06,7.65e-06,5.445e-06,2.51e-06
5.713e-06,2.18e-06,7.95e-06,5.785e-06,3.44e-06
7.691e-06,2e-06,1.0591e-05,8.345e-06,5.87e-06
5.533e-06,2.38e-06,7.591e-06,5.615e-06,2.96e-06
5.336e-06,2.65e-06,7.41e-06,5.185e-06,2.65e-06
5.506e-06,2.59e-06,7.58e-06,5.55e-06,2.86e-06
5.381e-06,2.75e-06,7.5e-06,5.331e-06,2.75e-06
7.129e-06,2.23e-06,9.44e-06,7.556e-06,2.23e-06
5.607e-06,2.59e-06,7.87e-06,5.62e-06,2.85e-06
5.474e-06,2.58e-06,7.35e-06,5.74e-06,2.791e-06
5.463e-06,2.78e-06,7.61e-06,5.5e-06,2.78e-06
5.273e-06,2.64e-06,7.3e-06,5.195e-06,2.78e-06
5.851e-06,1.75e-06,8.17e-06,5.945e-06,1.75e-06
5.116e-06,2.41e-06,6.94e-06,4.86e-06,2.41e-06
5.068e-06,2.61e-06,7.24e-06,5.095e-06,2.81e-06
5.351e-06,2.61e-06,7.5e-06,5.43e-06,2.61e-06
5.338e-06,2.71e-06,7.61e-06,5.305e-06,2.88e-06
5.499e-06,2.71e-06,7.68e-06,5.51e-06,2.83e-06
5.395e-06,2.65e-06,7.47e-06,5.37e-06,2.93e-06
5.312e-06,2.53e-06,7.46e-06,5.445e-06,2.53e-06
5.484e-06,2.66e-06,7.74e-06,5.41e-06,2.86e-06
5.696e-06,2.25e-06,7.95e-06,5.941e-06,3.22e-06
5.565e-06,2.571e-06,8.03e-06,5.6e-06,2.78e-06
4.949e-06,2.35e-06,7.33e-06,4.99e-06,2.35e-06
5.519e-06,2.35e-06,9.88e-06,5.2e-06,2.35e-06
6.138e-06,2e-06,8.69e-06,6.62e-06,4.21e-06
5.377e-06,2.64e-06,7.48e-06,5.66e-06,2.64e-06
5.288e-06,1.94e-06,7.36e-06,5.54e-06,1.94e-06
5.348e-06,2.75e-06,7.33e-06,5.275e-06,2.75e-06
5.769e-06,2.26e-06,8.16e-06,5.89e-06,3.16e-06
5.518e-06,2.67e-06,7.72e-06,5.54e-06,2.69e-06
5.19e-06,2.38e-06,7.19e-06,5.046e-06,2.38e-06
5.403e-06,2.65e-06,7.48e-06,5.455e-06,2.72e-06
5.353e-06,2.36e-06,7.54e-06,5.45e-06,2.36e-06
5.381e-06,2.67e-06,7.3e-06,5.46e-06,2.71e-06
5.507e-06,2.83e-06,7.591e-06,5.63e-06,2.831e-06
5.509e-06,2.89e-06,7.44e-06,5.395e-06,5.27e-06
5.424e-06,2.5e-06,9.37e-06,5.24e-06,2.88e-06
5.905e-06,2.03e-06,8.231e-06,6.205e-06,3.941e-06
5.376e-06,2.66e-06,7.62e-06,5.56e-06,2.86e-06
5.296e-06,2.7e-06,7.67e-06,5.22e-06,2.7e-06
5.784e-06,2.24e-06,8.09e-06,6.045e-06,3.23e-06
5.541e-06,2.42e-06,7.7e-06,5.6e-06,3.11e-06
5.266e-06,2.25e-06,7.26e-06,5.305e-06,2.25e-06
5.258e-06,2.64e-06,7.4e-06,5.15e-06,2.65e-06
5.313e-06,2.55e-06,7.27e-06,5.341e-06,2.55e-06
5.352e-06,2.64e-06,7.31e-06,5.52e-06,2.78e-06
5.519e-06,2.25e-06,7.56e-06,5.545e-06,3.05e-06
5.185e-06,2.55e-06,7.25e-06,5.045e-06,2.55e-06
5.369e-06,1.87e-06,7.43e-06,5.49e-06,1.87e-06
5.491e-06,2.25e-06,8.06e-06,5.485e-06,2.25e-06
5.429e-06,1.92e-06,7.42e-06,5.725e-06,1.92e-06
6.536e-06,1.72e-06,8.76e-06,7.181e-06,1.72e-06
5.393e-06,2.38e-06,7.5e-06,5.195e-06,2.38e-06
5.358e-06,2.65e-06,7.67e-06,5.19e-06,2.65e-06
5.724e-06,2.35e-06,7.95e-06,5.956e-06,3.16e-06
5.261e-06,2.47e-06,7.39e-06,5.29e-06,2.47e-06
5.423e-06,2.72e-06,7.53e-06,5.375e-06,2.83e-06
5.485e-06,2.62e-06,7.64e-06,5.71e-06,2.62e-06
5.513e-06,2.861e-06,7.53e-06,5.621e-06,2.88e-06
5.274e-06,2.44e-06,7.221e-06,5.485e-06,2.44e-06
5.894e-06,2.19e-06,8.07e-06,6.12e-06,3.23e-06
5.354e-06,2.42e-06,7.4e-06,5.51e-06,2.42e-06
5.536e-06,2.67e-06,8.17e-06,5.34e-06,2.88e-06
4.613e-06,2.781e-06,7.961e-06,4.565e-06,2.781e-06
5.285e-06,2.54e-06,7.56e-06,5.075e-06,2.54e-06
5.287e-06,2.33e-06,7.47e-06,5.24e-06,2.33e-06
5.341e-06,2.64e-06,7.35e-06,5.38e-06,2.691e-06
5.068e-06,2.38e-06,7.13e-06,4.755e-06,2.38e-06
5.331e-06,2.62e-06,7.53e-06,5.285e-06,2.68e-06
5.056e-06,2.461e-06,6.83e-06,5.11e-06,2.461e-06
5.337e-06,2.69e-06,7.63e-06,5.385e-06,2.69e-06
5.284e-06,2.61e-06,7.21e-06,5.345e-06,2.61e-06
5.359e-06,2.57e-06,7.58e-06,5.216e-06,2.931e-06
5.465e-06,2.65e-06,7.63e-06,5.84e-06,2.73e-06
5.577e-06,1.77e-06,7.85e-06,5.85e-06,1.77e-06
5.652e-06,2.66e-06,9.42e-06,5.275e-06,2.72e-06
5.875e-06,2.91e-06,8.53e-06,5.921e-06,4.24e-06
5.303e-06,2.59e-06,7.35e-06,5.24e-06,2.59e-06
5.464e-06,2.42e-06,7.57e-06,5.66e-06,2.87e-06
5.293e-06,2.23e-06,7.23e-06,5.335e-06,2.23e-06
5.492e-06,2.23e-06,7.67e-06,5.34e-06,3.43e-06
5.273e-06,2.26e-06,7.36e-06,5.38e-06,2.26e-06
5.386e-06,2.5e-06,7.46e-06,5.47e-06,2.88e-06
5.417e-06,2.59e-06,7.5e-06,5.455e-06,2.8e-06
5.353e-06,2.44e-06,7.44e-06,5.345e-06,2.81e-06
5.206e-06,2.45e-06,7.221e-06,5.095e-06,2.45e-06
5.388e-06,2.57e-06,7.52e-06,5.345e-06,2.85e-06
5.345e-06,2.6e-06,7.3e-06,5.275e-06,2.76e-06
5.338e-06,2.51e-06,8.95e-06,5.235e-06,2.51e-06
6.548e-06,1.95e-06,9.12e-06,7.285e-06,1.95e-06
5.591e-06,2.401e-06,7.77e-06,5.64e-06,3e-06
5.116e-06,2.77e-06,7.221e-06,4.86e-06,2.77e-06
5.235e-06,2.49e-06,7.211e-06,5.235e-06,2.49e-06
5.391e-06,2.6e-06,7.57e-06,5.21e-06,2.8e-06
5.297e-06,2.8e-06,7.28e-06,5.325e-06,2.84e-06
5.259e-06,1.91e-06,7.2e-06,5.43e-06,1.91e-06
5.358e-06,2.52e-06,7.39e-06,5.34e-06,2.86e-06
5.404e-06,2.29e-06,7.44e-06,5.48e-06,2.99e-06
5.271e-06,2.67e-06,7.391e-06,5.295e-06,2.67e-06
5.582e-06,2.41e-06,7.841e-06,5.675e-06,3.04e-06
5.474e-06,2.3e-06,7.5e-06,5.66e-06,3.02e-06
5.895e-06,2.67e-06,9.62e-06,5.95e-06,2.731e-06
6.628e-06,1.86e-06,9.22e-06,7.545e-06,1.86e-06
5.281e-06,2.55e-06,7.36e-06,5.116e-06,2.81e-06
5.269e-06,2.43e-06,7.38e-06,5.32e-06,2.43e-06
5.453e-06,2.77e-06,7.63e-06,5.435e-06,2.83e-06
5.151e-06,2.48e-06,7.111e-06,5.205e-06,2.48e-06
5.246e-06,2.51e-06,7.23e-06,5.235e-06,2.88e-06
5.476e-06,2.29e-06,7.65e-06,5.465e-06,2.29e-06
5.106e-06,2.52e-06,7.22e-06,5.09e-06,2.52e-06
5.354e-06,2.44e-06,7.35e-06,5.425e-06,2.83e-06
5.208e-06,2.63e-06,7.2e-06,5.145e-06,2.63e-06
5.528e-06,2.48e-06,7.8e-06,5.71e-06,2.91e-06
5.53e-06,2.45e-06,7.621e-06,5.62e-06,3.04e-06
5.305e-06,2.63e-06,7.33e-06,5.365e-06,2.63e-06
5.467e-06,3.02e-06,7.3e-06,5.295e-06,5.17e-06
5.05e-06,2.62e-06,7.25e-06,5.05e-06,2.62e-06
5.824e-06,2.9e-06,7.69e-06,5.565e-06,2.9e-06
5.162e-06,2.5e-06,7.41e-06,5.15e-06,3.06e-06
5.317e-06,2.54e-06,7.51e-06,5.315e-06,2.54e-06
5.284e-06,2.57e-06,7.541e-06,5.15e-06,3.03e-06
5.248e-06,2.68e-06,7.15e-06,5.26e-06,2.68e-06
5.625e-06,2.34e-06,7.84e-06,5.72e-06,3.06e-06
5.234e-06,2.59e-06,7.48e-06,5.24e-06,2.69e-06
5.417e-06,2.5e-06,7.62e-06,5.53e-06,2.79e-06
5.499e-06,2.48e-06,7.67e-06,5.55e-06,2.87e-06
5.427e-06,2.4e-06,7.49e-06,5.885e-06,2.92e-06
5.47e-06,2.32e-06,7.801e-06,5.385e-06,2.32e-06
5.342e-06,2.34e-06,7.5e-06,5.34e-06,2.87e-06
5.205e-06,2.52e-06,7.72e-06,5.645e-06,3.77e-06
5.695e-06,1.88e-06,8.06e-06,5.69e-06,1.88e-06
5.288e-06,2.67e-06,7.31e-06,5.18e-06,2.67e-06
5.349e-06,2.38e-06,7.49e-06,5.435e-06,2.38e-06
5.325e-06,2.7e-06,7.4e-06,5.18e-06,2.72e-06
5.731e-06,2.13e-06,7.811e-06,5.72e-06,3.44e-06
5.474e-06,2.58e-06,7.48e-06,5.53e-06,2.99e-06
5.468e-06,2.22e-06,7.69e-06,5.515e-06,3.121e-06
5.3e-06,2.62e-06,7.36e-06,5.315e-06,2.62e-06
5.212e-06,2.69e-06,7.24e-06,5.166e-06,2.69e-06
5.473e-06,2.611e-06,7.43e-06,5.92e-06,2.611e-06
6.429e-06,1.62e-06,8.9e-06,7.1e-06,1.62e-06
5.603e-06,2.9e-06,7.511e-06,5.375e-06,4.93e-06
5.504e-06,2.51e-06,7.79e-06,5.455e-06,3.211e-06
5.477e-06,2.4e-06,7.56e-06,5.655e-06,2.9e-06
5.309e-06,2.51e-06,7.35e-06,5.27e-06,2.51e-06
5.291e-06,2.52e-06,7.36e-06,5.276e-06,2.52e-06
5.521e-06,2.38e-06,7.69e-06,5.595e-06,2.9e-06
5.226e-06,2.62e-06,7.21e-06,5.23e-06,2.62e-06
5.426e-06,2.51e-06,7.52e-06,5.565e-06,2.92e-06
5.262e-06,2.661e-06,7.27e-06,5.235e-06,2.71e-06
5.458e-06,2.48e-06,7.61e-06,5.435e-06,2.9e-06
5.319e-06,2.65e-06,7.41e-06,5.335e-06,2.65e-06
5.665e-06,2.49e-06,7.971e-06,6.06e-06,2.88e-06
6.399e-06,1.65e-06,9.08e-06,7.415e-06,1.65e-06
5.316e-06,2.61e-06,7.4e-06,5.245e-06,2.61e-06
5.071e-06,2.27e-06,7.5e-06,5.455e-06,3.7e-06
5.223e-06,2.4e-06,7.32e-06,5.21e-06,2.4e-06
5.644e-06,1.66e-06,8e-06,5.87e-06,1.66e-06
5.272e-06,2.63e-06,7.33e-06,5.27e-06,2.63e-06
5.338e-06,2.44e-06,7.43e-06,5.316e-06,2.79e-06
5.087e-06,2.65e-06,7.24e-06,5.03e-06,2.81e-06
5.279e-06,2.55e-06,7.43e-06,5.29e-06,2.55e-06
5.46e-06,2.16e-06,7.58e-06,5.605e-06,3.17e-06
5.059e-06,2.43e-06,6.941e-06,4.876e-06,2.43e-06
5.265e-06,2.59e-06,7.2e-06,5.175e-06,2.84e-06
5.541e-06,2.68e-06,7.69e-06,6.04e-06,2.72e-06
6.789e-06,1.56e-06,9.44e-06,7.736e-06,1.56e-06
6.286e-06,2.63e-06,1.738e-05,5.165e-06,2.63e-06
6.051e-06,2.06e-06,9.66e-06,6.09e-06,2.06e-06
5.029e-06,2.75e-06,7.391e-06,4.75e-06,2.75e-06
5.305e-06,2.77e-06,7.38e-06,5.235e-06,2.89e-06
5.298e-06,2.59e-06,7.45e-06,5.39e-06,2.59e-06
5.32e-06,2.57e-06,7.44e-06,5.375e-06,2.73e-06
5.393e-06,2.48e-06,7.2e-06,5.43e-06,2.94e-06
5.216e-06,2.56e-06,7.26e-06,5.15e-06,2.56e-06
5.15e-06,2.69e-06,7.11e-06,5.075e-06,2.74e-06
5.525e-06,2.31e-06,7.621e-06,5.525e-06,2.99e-06
5.533e-06,2.66e-06,7.69e-06,6.151e-06,2.73e-06
6.604e-06,1.77e-06,9.36e-06,7.58e-06,1.77e-06
5.355e-06,2.5e-06,7.46e-06,5.29e-06,2.771e-06
7.758e-06,4.99e-06,9.501e-06,7.815e-06,4.99e-06
5.287e-06,2.53e-06,7.36e-06,5.2e-06,2.53e-06
4.933e-06,2.29e-06,7.28e-06,4.72e-06,2.29e-06
5.181e-06,1.94e-06,6.921e-06,5.411e-06,1.94e-06
5.909e-06,1.99e-06,8.04e-06,6.18e-06,3.57e-06
5.339e-06,2.47e-06,7.55e-06,5.245e-06,2.9e-06
5.288e-06,2.61e-06,7.2e-06,5.226e-06,2.72e-06
5.413e-06,2.22e-06,7.53e-06,5.395e-06,3.07e-06
5.283e-06,2.57e-06,7.2e-06,5.345e-06,2.57e-06
5.234e-06,2.52e-06,7.25e-06,5.175e-06,2.75e-06
5.125e-06,2.66e-06,7.331e-06,5.085e-06,2.66e-06
5.498e-06,2.26e-06,7.561e-06,5.68e-06,3.13e-06
5.141e-06,2.22e-06,7.25e-06,5.116e-06,2.22e-06
5.178e-06,2.56e-06,7.23e-06,5.1e-06,2.56e-06
4.887e-06,2.55e-06,7.33e-06,5.01e-06,2.55e-06
5.172e-06,2.44e-06,7.11e-06,5.22e-06,2.44e-06
5.371e-06,1.99e-06,7.42e-06,5.545e-06,1.99e-06
5.243e-06,2.33e-06,7.291e-06,5.375e-06,2.33e-06
5.58e-06,2.31e-06,7.91e-06,5.735e-06,2.96e-06
5.49e-06,2.41e-06,7.77e-06,5.685e-06,2.92e-06
5.479e-06,2.53e-06,7.64e-06,5.546e-06,2.91e-06
5.301e-06,2.66e-06,7.46e-06,5.325e-06,2.66e-06
5.384e-06,2.43e-06,7.371e-06,5.52e-06,2.75e-06
5.088e-06,2.65e-06,7.32e-06,5e-06,2.72e-06
5.28e-06,2.55e-06,7.42e-06,5.325e-06,2.55e-06
5.389e-06,2.52e-06,7.69e-06,5.34e-06,2.8e-06
5.276e-06,2.67e-06,7.18e-06,5.32e-06,2.67e-06
5.183e-06,1.92e-06,7.69e-06,5.34e-06,1.92e-06
5.321e-06,2.6e-06,7.54e-06,5.2e-06,2.68e-06
5.599e-06,2.26e-06,7.86e-06,5.765e-06,3.18e-06
5.307e-06,2.67e-06,7.32e-06,5.4e-06,2.67e-06
5.204e-06,2.48e-06,7.08e-06,5.27e-06,2.48e-06
5.209e-06,2.13e-06,7.29e-06,5.255e-06,2.13e-06
5.432e-06,2.56e-06,7.43e-06,5.525e-06,2.72e-06
5.221e-06,2.61e-06,7.23e-06,5.2e-06,2.77e-06
5.783e-06,2.1e-06,7.9e-06,5.955e-06,3.34e-06
7.464e-06,1.97e-06,1.058e-05,8.36e-06,5.44e-06
5.14e-06,2.17e-06,7.28e-06,5.265e-06,2.17e-06
5.133e-06,2.6e-06,7.08e-06,5.03e-06,2.6e-06
5.564e-06,2.17e-06,7.86e-06,5.611e-06,3.14e-06
4.695e-06,2.281e-06,6.981e-06,4.595e-06,2.281e-06
5.447e-06,2.55e-06,8.881e-06,5.28e-06,2.55e-06
5.771e-06,1.96e-06,7.87e-06,6.13e-06,3.67e-06
5.201e-06,2.571e-06,7.23e-06,5.215e-06,2.571e-06
5.496e-06,2.32e-06,7.78e-06,5.835e-06,2.98e-06
5.515e-06,2.36e-06,7.74e-06,5.625e-06,2.98e-06
5.276e-06,2.56e-06,7.28e-06,5.3e-06,2.781e-06
5.439e-06,2.37e-06,7.68e-06,5.55e-06,2.9e-06
5.323e-06,2.44e-06,7.08e-06,5.726e-06,2.44e-06
5.433e-06,1.84e-06,7.51e-06,5.665e-06,1.84e-06
5.334e-06,2.73e-06,7.46e-06,5.255e-06,2.73e-06
5.219e-06,2.64e-06,7.21e-06,5.1e-06,2.72e-06
5.499e-06,2.62e-06,7.72e-06,5.585e-06,2.74e-06
5.028e-06,2.35e-06,7.79e-06,5.435e-06,3.5e-06
5.365e-06,2.41e-06,7.51e-06,5.46e-06,2.98e-06
5.959e-06,1.93e-06,8.21e-06,6.051e-06,1.93e-06
5.327e-06,2.6e-06,7.53e-06,5.225e-06,2.6e-06
5.198e-06,2.64e-06,7.18e-06,5.21e-06,2.67e-06
5.375e-06,2.62e-06,7.49e-06,5.43e-06,2.84e-06
5.295e-06,2.43e-06,7.48e-06,5.33e-06,2.43e-06
5.889e-06,2.09e-06,8.05e-06,6.15e-06,3.62e-06
5.375e-06,2.66e-06,7.25e-06,5.9e-06,2.66e-06
5.826e-06,1.72e-06,8.25e-06,6.281e-06,1.72e-06
1.0597e-05,2.73e-06,1.802e-05,1.0031e-05,1.3181e-05
5.443e-06,2.64e-06,7.53e-06,5.575e-06,2.78e-06
5.271e-06,2.47e-06,7.61e-06,5.57e-06,3.65e-06
5.3e-06,2.57e-06,7.29e-06,5.235e-06,2.57e-06
5.087e-06,2.55e-06,7.58e-06,4.85e-06,2.96e-06
5.286e-06,2.69e-06,7.38e-06,5.36e-06,2.71e-06
5.224e-06,2.34e-06,7.41e-06,5.27e-06,2.34e-06
5.76e-06,2.24e-06,7.93e-06,5.816e-06,3.39e-06
5.369e-06,2.48e-06,7.49e-06,5.435e-06,2.48e-06
5.24e-06,2.49e-06,7.28e-06,5.14e-06,2.49e-06
5.409e-06,2.5e-06,7.251e-06,5.93e-06,2.5e-06
6.385e-06,1.67e-06,8.92e-06,7.095e-06,1.67e-06
5.475e-06,2.05e-06,7.86e-06,5.425e-06,2.05e-06
5.156e-06,2.66e-06,7.19e-06,5.14e-06,2.68e-06
5.19e-06,2.67e-06,7.32e-06,5.165e-06,2.67e-06
4.947e-06,2.51e-06,7.15e-06,5.14e-06,2.51e-06
5.34e-06,2.61e-06,7.45e-06,5.331e-06,2.71e-06
5.521e-06,2.59e-06,7.96e-06,5.595e-06,2.59e-06
5.36e-06,2.67e-06,7.58e-06,5.42e-06,2.67e-06
5.367e-06,2.49e-06,7.771e-06,5.21e-06,2.85e-06
5.205e-06,2.55e-06,7.38e-06,5.395e-06,2.55e-06
5.287e-06,2.68e-06,7.34e-06,5.31e-06,2.73e-06
5.208e-06,2.63e-06,7.28e-06,5.18e-06,2.63e-06
5.576e-06,3e-06,7.49e-06,5.46e-06,3.53e-06
5.288e-06,2.56e-06,7.301e-06,5.08e-06,2.56e-06
5.318e-06,2.66e-06,7.4e-06,5.316e-06,2.77e-06
5.501e-06,2.71e-06,7.49e-06,5.54e-06,2.96e-06
6.083e-06,2.07e-06,7.97e-06,6.515e-06,6.49e-06
5.302e-06,2.52e-06,7.79e-06,5.53e-06,2.98e-06
5.582e-06,2.14e-06,7.72e-06,5.58e-06,3.181e-06
5.578e-06,2.63e-06,9.88e-06,5.31e-06,2.73e-06
6.305e-06,1.99e-06,8.72e-06,6.77e-06,4.42e-06
5.439e-06,2.66e-06,7.47e-06,5.575e-06,2.7e-06
5.329e-06,2.53e-06,7.38e-06,5.44e-06,2.53e-06
5.278e-06,2.69e-06,7.22e-06,5.155e-06,2.69e-06
5.224e-06,2.62e-06,7.08e-06,5.22e-06,2.62e-06
4.994e-06,2.46e-06,6.85e-06,5.115e-06,2.46e-06
5.433e-06,2.56e-06,7.68e-06,5.475e-06,2.81e-06
5.299e-06,2.54e-06,7.36e-06,5.21e-06,2.9e-06
5.067e-06,2.2e-06,7e-06,5.135e-06,2.2e-06
5.342e-06,2.66e-06,7.48e-06,5.32e-06,2.66e-06
4.914e-06,2.5e-06,7.39e-06,5.04e-06,2.5e-06
5.562e-06,2.39e-06,7.88e-06,5.615e-06,3.04e-06
5.592e-06,2.28e-06,7.86e-06,5.761e-06,3.13e-06
6.064e-06,1.71e-06,8.7e-06,6.27e-06,1.71e-06
5.593e-06,2.31e-06,7.79e-06,5.64e-06,3.04e-06
5.297e-06,2.75e-06,7.43e-06,5.145e-06,2.8e-06
5.248e-06,2.58e-06,7.41e-06,5.29e-06,2.67e-06
5.625e-06,2.57e-06,7.97e-06,6.115e-06,2.73e-06
6.524e-06,1.66e-06,9.47e-06,7.285e-06,1.66e-06
5.193e-06,2.55e-06,7.23e-06,4.93e-06,2.55e-06
1.2182e-05,5.17e-06,2.206e-05,7.23e-06,2.0071e-05
4.59e-06,2.9e-06,6.31e-06,4.64e-06,2.93e-06
5.441e-06,2.75e-06,7.63e-06,5.356e-06,2.82e-06
5.29e-06,2.74e-06,7.32e-06,5.23e-06,2.761e-06
5.388e-06,2.43e-06,7.67e-06,5.191e-06,3.06e-06
5.11e-06,2.6e-06,7.2e-06,5.03e-06,2.68e-06
5.162e-06,2.241e-06,7.18e-06,5.14e-06,2.241e-06
5.543e-06,2.24e-06,7.78e-06,5.585e-06,3.03e-06
5.292e-06,2.52e-06,7.44e-06,5.51e-06,2.85e-06
5.598e-06,3.351e-06,7.39e-06,5.555e-06,3.351e-06
5.36e-06,2.59e-06,7.74e-06,5.145e-06,2.71e-06
5.395e-06,2.72e-06,7.55e-06,5.505e-06,2.75e-06
5.379e-06,2.23e-06,7.54e-06,5.59e-06,2.23e-06
5.17e-06,2.62e-06,7.23e-06,5.045e-06,2.62e-06
7.771e-06,1.84e-06,1.0441e-05,8.53e-06,1.84e-06
5.454e-06,2.37e-06,7.62e-06,5.275e-06,2.96e-06
9.681e-06,1.96e-06,1.442e-05,9.945e-06,9.6e-06
5.195e-06,2.421e-06,7.24e-06,5.226e-06,2.421e-06
5.448e-06,2.4e-06,7.55e-06,5.57e-06,2.88e-06
5.296e-06,2.51e-06,7.42e-06,5.371e-06,2.71e-06
5.23e-06,2.481e-06,7.29e-06,5.38e-06,2.481e-06
5.625e-06,2.34e-06,7.551e-06,6.286e-06,2.98e-06
6.221e-06,1.65e-06,8.51e-06,6.73e-06,1.65e-06
5.34e-06,2.5e-06,7.56e-06,5.22e-06,2.78e-06
5.371e-06,2.64e-06,7.65e-06,5.305e-06,2.64e-06
5.175e-06,2.6e-06,7.61e-06,5.005e-06,2.6e-06
6.507e-06,1.81e-06,8.66e-06,6.751e-06,1.81e-06
5.362e-06,2.46e-06,7.55e-06,5.35e-06,2.78e-06
5.369e-06,2.531e-06,7.461e-06,5.31e-06,2.77e-06
5.166e-06,2.5e-06,7.26e-06,5.065e-06,2.69e-06
5.195e-06,2.63e-06,7.05e-06,5.195e-06,2.63e-06
5.36e-06,2.6e-06,7.43e-06,5.3e-06,2.6e-06
5.502e-06,2.22e-06,7.42e-06,5.795e-06,3.07e-06
5.141e-06,2.27e-06,7.18e-06,5.085e-06,2.27e-06
5.29e-06,2.18e-06,7.84e-06,5.26e-06,3.15e-06
5.277e-06,2.56e-06,7.431e-06,5.286e-06,2.75e-06
5.329e-06,2.73e-06,7.42e-06,5.305e-06,2.73e-06
5.319e-06,2.67e-06,7.37e-06,5.405e-06,2.68e-06
5.319e-06,2.56e-06,7.42e-06,5.305e-06,2.91e-06
7.055e-06,4.08e-06,9.231e-06,7.595e-06,4.91e-06
5.791e-06,2.37e-06,7.72e-06,6.985e-06,2.37e-06
5.395e-06,2.44e-06,7.49e-06,5.37e-06,2.88e-06
5.437e-06,2.39e-06,7.741e-06,5.395e-06,2.96e-06
5.179e-06,2.64e-06,7.7e-06,4.975e-06,2.64e-06
5.179e-06,2.7e-06,7.09e-06,5.3e-06,2.7e-06
5.137e-06,2.53e-06,7.1e-06,5.09e-06,2.53e-06
5.272e-06,2.49e-06,7.31e-06,5.32e-06,2.49e-06
5.327e-06,2.43e-06,7.59e-06,5.335e-06,2.81e-06
5.37e-06,2.54e-06,7.42e-06,5.31e-06,2.86e-06
5.146e-06,2.26e-06,7.251e-06,5.345e-06,2.26e-06
5.316e-06,2.58e-06,7.38e-06,5.41e-06,2.58e-06
5.371e-06,2.48e-06,7.5e-06,5.385e-06,2.75e-06
5.872e-06,2.2e-06,7.73e-06,6.09e-06,6.231e-06
4.963e-06,2.55e-06,7.35e-06,5.171e-06,2.67e-06
5.219e-06,2.48e-06,7.28e-06,5.145e-06,2.48e-06
5.457e-06,2.471e-06,7.59e-06,5.485e-06,2.88e-06
5.468e-06,2.34e-06,7.551e-06,5.52e-06,2.98e-06
5.274e-06,2.44e-06,7.47e-06,5.42e-06,2.83e-06
5.352e-06,2.49e-06,7.5e-06,5.405e-06,2.91e-06
5.383e-06,2.64e-06,7.45e-06,5.335e-06,2.64e-06
5.017e-06,2.71e-06,7.35e-06,5.05e-06,2.71e-06
5.425e-06,2.59e-06,7.39e-06,5.405e-06,2.78e-06
5.219e-06,2.38e-06,7.38e-06,5.165e-06,2.97e-06
5.453e-06,2.27e-06,7.58e-06,5.56e-06,2.99e-06
5.391e-06,2.41e-06,7.56e-06,5.39e-06,2.93e-06
5.158e-06,2.62e-06,7.11e-06,5.001e-06,2.62e-06
4.938e-06,2.37e-06,7.39e-06,5.12e-06,2.9e-06
5.463e-06,2.34e-06,7.62e-06,5.515e-06,2.931e-06
5.22e-06,2.64e-06,7.2e-06,5.395e-06,2.64e-06
5.39e-06,2.4e-06,7.47e-06,5.48e-06,3.09e-06
5.375e-06,1.661e-06,7.51e-06,5.535e-06,1.661e-06
5.358e-06,2.69e-06,7.581e-06,5.29e-06,2.69e-06
5.311e-06,2.63e-06,7.4e-06,5.35e-06,2.75e-06
5.227e-06,2.44e-06,7.57e-06,5.3e-06,2.851e-06
5.68e-06,2.22e-06,8.01e-06,5.985e-06,3.12e-06
5.35e-06,2.61e-06,7.63e-06,5.475e-06,2.61e-06
5.731e-06,2.21e-06,7.96e-06,5.95e-06,3.111e-06
5.203e-06,2.66e-06,7.22e-06,5.12e-06,2.66e-06
5.607e-06,2.47e-06,7.451e-06,5.525e-06,5.82e-06
5.04e-06,2.54e-06,7.28e-06,5.075e-06,2.54e-06
5.349e-06,2.69e-06,7.57e-06,5.316e-06,2.69e-06
5.529e-06,2.43e-06,7.64e-06,5.735e-06,2.87e-06
5.72e-06,2.071e-06,7.98e-06,5.856e-06,3.37e-06
5.273e-06,2.68e-06,7.24e-06,5.22e-06,2.68e-06
5.299e-06,2.47e-06,7.29e-06,5.42e-06,2.47e-06
5.241e-06,2.61e-06,7.271e-06,5.105e-06,2.61e-06
5.262e-06,2.63e-06,7.61e-06,5.07e-06,2.63e-06
5.233e-06,2.64e-06,7.45e-06,5.245e-06,2.64e-06
5.218e-06,2.64e-06,7.26e-06,5.19e-06,2.71e-06
5.283e-06,2.68e-06,7.34e-06,5.425e-06,2.68e-06
5.932e-06,2e-06,8.14e-06,6.185e-06,3.49e-06
5.243e-06,2.17e-06,7.53e-06,5.305e-06,2.17e-06
4.874e-06,2.1e-06,7.37e-06,5.1e-06,2.1e-06
5.278e-06,2.37e-06,7.26e-06,5.25e-06,2.37e-06
5.464e-06,2.32e-06,7.46e-06,5.405e-06,3.02e-06
5.306e-06,2.61e-06,7.52e-06,5.385e-06,2.61e-06
5.286e-06,2.48e-06,7.91e-06,5.205e-06,2.48e-06
5.173e-06,2.6e-06,7.4e-06,5.28e-06,2.6e-06
5.153e-06,2.54e-06,7.25e-06,5.165e-06,2.54e-06
6.168e-06,3.7e-06,7.76e-06,6.26e-06,4.26e-06
4.931e-06,2.15e-06,6.82e-06,4.535e-06,2.15e-06
5.258e-06,2.53e-06,7.24e-06,5.165e-06,2.75e-06
5.621e-06,2.26e-06,7.7e-06,5.795e-06,3.17e-06
5.348e-06,2.45e-06,7.52e-06,5.311e-06,2.81e-06
5.406e-06,2.44e-06,7.45e-06,5.52e-06,2.81e-06
5.751e-06,2.15e-06,8.94e-06,5.94e-06,3.34e-06
5.308e-06,2.44e-06,7.36e-06,5.235e-06,2.84e-06
5.305e-06,2.62e-06,7.45e-06,5.28e-06,2.64e-06
5.219e-06,2.67e-06,7.17e-06,5.335e-06,2.68e-06
5.459e-06,2.48e-06,7.87e-06,5.57e-06,2.91e-06
5.404e-06,2.23e-06,7.54e-06,5.61e-06,2.23e-06
5.205e-06,2.28e-06,7.26e-06,4.965e-06,2.28e-06
5.035e-06,2.63e-06,7.18e-06,4.986e-06,2.69e-06
5.508e-06,2.43e-06,7.62e-06,5.59e-06,2.96e-06
5.262e-06,2.58e-06,7.61e-06,5.02e-06,2.71e-06
5.144e-06,2.49e-06,7.28e-06,5.215e-06,2.49e-06
5.534e-06,2.19e-06,7.88e-06,5.73e-06,3.13e-06
5.238e-06,2.61e-06,7.21e-06,5.16e-06,2.93e-06
6.011e-06,2.34e-06,8.98e-06,6.126e-06,2.34e-06
5.278e-06,2.62e-06,7.37e-06,5.1e-06,2.65e-06
5.166e-06,2.441e-06,7.27e-06,5.185e-06,2.441e-06
5.47e-06,2.51e-06,7.68e-06,5.535e-06,2.73e-06
5.178e-06,2.45e-06,7.22e-06,5.05e-06,2.45e-06
5.33e-06,2.49e-06,7.4e-06,5.365e-06,2.881e-06
5.629e-06,2.52e-06,7.66e-06,5.625e-06,3.32e-06
5.168e-06,2.62e-06,7.2e-06,5.375e-06,2.62e-06
5.526e-06,2.65e-06,8.43e-06,5.515e-06,2.721e-06
5.168e-06,2.14e-06,7.35e-06,5.355e-06,2.14e-06
5.345e-06,2.31e-06,7.511e-06,5.235e-06,3e-06
5.266e-06,2.09e-06,7.45e-06,5.315e-06,2.09e-06
5.106e-06,2.45e-06,7.17e-06,4.891e-06,2.45e-06
6.988e-06,1.68e-06,9.44e-06,7.48e-06,1.68e-06
5.226e-06,2.53e-06,7.53e-06,5.03e-06,2.53e-06
5.226e-06,2.64e-06,7.39e-06,5.295e-06,2.64e-06
5.617e-06,2.49e-06,7.74e-06,5.805e-06,2.84e-06
4.96e-06,2.11e-06,7.411e-06,4.705e-06,2.11e-06
5.315e-06,2.58e-06,7.231e-06,5.27e-06,2.58e-06
5.613e-06,2.56e-06,9.59e-06,5.6e-06,2.8e-06
5.976e-06,1.91e-06,8.35e-06,6.346e-06,4.09e-06
5.411e-06,2.43e-06,7.5e-06,5.375e-06,2.96e-06
5.167e-06,2.58e-06,7.16e-06,5.15e-06,2.81e-06
5.158e-06,2.48e-06,7.22e-06,4.96e-06,2.48e-06
5.346e-06,2.4e-06,7.371e-06,5.31e-06,2.96e-06
5.795e-06,2.06e-06,8.08e-06,6.05e-06,3.31e-06
4.957e-06,1.99e-06,7.96e-06,5.01e-06,1.99e-06
5.155e-06,2.51e-06,7.22e-06,5.015e-06,2.51e-06
5.309e-06,2.67e-06,7.11e-06,5.315e-06,2.67e-06
5.15e-06,2.29e-06,7.44e-06,5.09e-06,2.29e-06
5.272e-06,2.75e-06,7.33e-06,5.061e-06,2.75e-06
5.194e-06,2.47e-06,7.281e-06,5.136e-06,2.79e-06
5.002e-06,2.42e-06,7.34e-06,5.035e-06,2.85e-06
5.189e-06,2.34e-06,7.27e-06,5.19e-06,2.34e-06
5.337e-06,2.841e-06,7.37e-06,5.46e-06,2.85e-06
5.24e-06,2.51e-06,7.24e-06,5.375e-06,2.76e-06
5.367e-06,2.59e-06,7.62e-06,5.42e-06,2.59e-06
5.204e-06,2.35e-06,7.18e-06,5.32e-06,2.35e-06
5.216e-06,2.73e-06,7.271e-06,5.101e-06,2.73e-06
6.582e-06,1.68e-06,9.14e-06,7.011e-06,1.68e-06
5.266e-06,2.28e-06,7.62e-06,5.27e-06,2.28e-06
5.198e-06,2.55e-06,7.21e-06,5.085e-06,2.55e-06
5.45e-06,2.32e-06,7.81e-06,5.45e-06,2.92e-06
5.292e-06,2.53e-06,7.36e-06,5.39e-06,2.78e-06
5.489e-06,2.26e-06,8.121e-06,5.65e-06,2.26e-06
6.953e-06,1.98e-06,9.561e-06,7.815e-06,4.64e-06
5.768e-06,2.07e-06,8.03e-06,5.91e-06,3.211e-06
5.212e-06,2.2e-06,7.35e-06,5.11e-06,2.2e-06
5.443e-06,2.35e-06,7.6e-06,5.576e-06,3.02e-06
5.278e-06,2.58e-06,7.29e-06,5.305e-06,2.701e-06
5.223e-06,2.64e-06,7.23e-06,5.255e-06,2.64e-06
5.281e-06,2.52e-06,7.41e-06,5.225e-06,2.77e-06
4.981e-06,2.07e-06,7.74e-06,5.085e-06,2.07e-06
5.312e-06,2.55e-06,7.45e-06,5.205e-06,2.81e-06
5.204e-06,2.38e-06,7.23e-06,5.255e-06,2.38e-06
5.459e-06,2.48e-06,7.45e-06,5.54e-06,2.9e-06
5.513e-06,2.6e-06,8.27e-06,5.45e-06,2.71e-06
5.588e-06,2.59e-06,7.86e-06,5.716e-06,3.43e-06
5.216e-06,2.59e-06,7.171e-06,5.08e-06,2.74e-06
5.308e-06,2.59e-06,7.4e-06,5.406e-06,2.59e-06
5.466e-06,2.36e-06,7.57e-06,5.585e-06,2.92e-06
5.207e-06,2.43e-06,7.29e-06,5.245e-06,2.43e-06
5.501e-06,2.21e-06,7.65e-06,5.6e-06,3.02e-06
5.191e-06,2.64e-06,7.22e-06,5.165e-06,2.64e-06
5.264e-06,2.65e-06,7.23e-06,5.27e-06,2.83e-06
5.892e-06,1.69e-06,8.54e-06,5.935e-06,1.69e-06
5.145e-06,2.61e-06,7.23e-06,4.98e-06,2.61e-06
5.234e-06,1.91e-06,7.43e-06,5.335e-06,1.91e-06
5.29e-06,2.57e-06,7.48e-06,5.28e-06,2.66e-06
5.372e-06,2.42e-06,7.5e-06,5.37e-06,2.92e-06
5.505e-06,2.61e-06,7.81e-06,5.525e-06,2.76e-06
5.506e-06,2.45e-06,7.62e-06,5.395e-06,2.85e-06
5.429e-06,2.67e-06,7.55e-06,5.495e-06,2.93e-06
5.455e-06,2.32e-06,7.55e-06,5.54e-06,2.98e-06
5.187e-06,2.61e-06,7.17e-06,5.045e-06,2.61e-06
5.404e-06,2.6e-06,7.54e-06,5.471e-06,2.6e-06
5.23e-06,2.61e-06,7.21e-06,5.12e-06,2.75e-06
5.2e-06,2.6e-06,7.17e-06,5.05e-06,2.6e-06
8.676e-06,1.75e-06,1.138e-05,9.565e-06,1.75e-06
5.307e-06,2.39e-06,7.37e-06,5.23e-06,2.39e-06
5.147e-06,2.48e-06,7.13e-06,5.2e-06,2.48e-06
5.448e-06,2.57e-06,7.62e-06,5.355e-06,2.801e-06
5.145e-06,2.33e-06,7.07e-06,4.99e-06,2.33e-06
5.178e-06,2.35e-06,7.26e-06,5.285e-06,2.35e-06
5.161e-06,2.581e-06,6.98e-06,5.236e-06,2.581e-06
5.26e-06,2.63e-06,7.31e-06,5.135e-06,2.66e-06
5.579e-06,2.33e-06,7.91e-06,5.795e-06,2.97e-06
5.236e-06,2.671e-06,7.19e-06,5.18e-06,2.671e-06
5.152e-06,1.78e-06,7.49e-06,5.175e-06,1.78e-06
5.268e-06,2.56e-06,7.31e-06,5.17e-06,2.56e-06
5.765e-06,2.55e-06,7.96e-06,5.915e-06,3.211e-06
6.338e-06,1.71e-06,9.06e-06,6.535e-06,1.71e-06
5.294e-06,2.61e-06,7.43e-06,5.205e-06,2.69e-06
5.394e-06,2.56e-06,7.58e-06,5.511e-06,2.56e-06
5.418e-06,2.32e-06,7.63e-06,5.5e-06,2.95e-06
5.335e-06,2.73e-06,7.47e-06,5.34e-06,2.73e-06
6.993e-06,1.95e-06,9.7e-06,7.535e-06,4.78e-06
5.616e-06,2.39e-06,7.92e-06,5.786e-06,2.95e-06
5.601e-06,2.36e-06,7.74e-06,5.665e-06,3.16e-06
5.385e-06,2.53e-06,7.55e-06,5.405e-06,2.81e-06
5.495e-06,2.43e-06,7.59e-06,5.52e-06,3.08e-06
5.748e-06,2.38e-06,7.91e-06,6.135e-06,3.14e-06
5.63e-06,2.46e-06,7.88e-06,5.825e-06,2.9e-06
6.921e-06,1.84e-06,8.91e-06,7.17e-06,1.84e-06
5.271e-06,2.61e-06,7.39e-06,5.095e-06,2.74e-06
5.245e-06,2.65e-06,7.13e-06,5.13e-06,2.65e-06
5.337e-06,2.48e-06,7.52e-06,5.35e-06,2.48e-06
5.455e-06,2.45e-06,7.54e-06,5.535e-06,2.74e-06
5.246e-06,2.23e-06,7.74e-06,5.345e-06,3.07e-06
5.279e-06,2.47e-06,7.34e-06,5.4e-06,2.88e-06
5.542e-06,2.55e-06,7.75e-06,5.52e-06,3.16e-06
5.233e-06,2.32e-06,7.29e-06,5.216e-06,2.32e-06
5.497e-06,2.65e-06,8.03e-06,5.57e-06,2.7e-06
5.601e-06,2.15e-06,7.87e-06,5.71e-06,3.161e-06
5.504e-06,2.43e-06,7.64e-06,5.5e-06,3.26e-06
5.256e-06,2.74e-06,7.43e-06,5.035e-06,2.74e-06
7.361e-06,4.18e-06,9.881e-06,8.04e-06,5.161e-06
5.685e-06,2.5e-06,7.5e-06,6.6e-06,2.85e-06
5.366e-06,2.5e-06,7.42e-06,5.365e-06,2.5e-06
5.439e-06,2.26e-06,7.56e-06,5.465e-06,3.07e-06
5.953e-06,2.46e-06,7.97e-06,6.67e-06,3.22e-06
6.607e-06,1.9e-06,9.03e-06,7.33e-06,1.9e-06
5.422e-06,2.6e-06,7.6e-06,5.415e-06,2.98e-06
5.283e-06,2.46e-06,7.37e-06,5.255e-06,2.46e-06
5.376e-06,2.42e-06,7.5e-06,5.405e-06,2.42e-06
5.19e-06,2.64e-06,7.14e-06,4.955e-06,2.64e-06
5.25e-06,2.48e-06,7.48e-06,5.22e-06,3.03e-06
5.41e-06,2.45e-06,7.63e-06,5.55e-06,2.9e-06
5.394e-06,2.42e-06,7.46e-06,5.465e-06,2.86e-06
6.195e-06,1.78e-06,8.95e-06,6.26e-06,1.78e-06
5.297e-06,2.63e-06,7.23e-06,5.225e-06,2.68e-06
5.26e-06,2.69e-06,7.46e-06,5.185e-06,2.86e-06
5.355e-06,2.58e-06,7.5e-06,5.36e-06,2.74e-06
5.735e-06,2.08e-06,7.9e-06,6.1e-06,3.27e-06
5.731e-06,2.5e-06,7.89e-06,5.865e-06,3.01e-06
5.401e-06,2.321e-06,7.57e-06,5.476e-06,2.95e-06
5.21e-06,2.64e-06,7.29e-06,5.165e-06,2.64e-06
5.308e-06,2.05e-06,7.4e-06,5.345e-06,2.05e-06
5.467e-06,2.41e-06,7.68e-06,5.585e-06,2.94e-06
5.448e-06,2.56e-06,7.85e-06,5.47e-06,2.88e-06
5.292e-06,2.52e-06,7.5e-06,5.27e-06,2.81e-06
5.291e-06,2.79e-06,7.48e-06,5.23e-06,2.8e-06
6.064e-06,1.801e-06,8.19e-06,6.461e-06,1.801e-06
5.335e-06,2.57e-06,7.5e-06,5.2e-06,2.7e-06
5.297e-06,2.53e-06,7.161e-06,5.375e-06,2.79e-06
5.465e-06,2.391e-06,7.65e-06,5.505e-06,2.391e-06
5.196e-06,2.65e-06,7.24e-06,5.17e-06,2.69e-06
5.289e-06,2.7e-06,7.7e-06,5.215e-06,2.7e-06
5.578e-06,1.98e-06,7.95e-06,5.79e-06,3.441e-06
5.179e-06,2.55e-06,7.34e-06,5.275e-06,2.55e-06
5.474e-06,2.13e-06,7.69e-06,5.585e-06,3.08e-06
5.791e-06,2.2e-06,8.091e-06,6.025e-06,3.241e-06
5.234e-06,2.35e-06,7.23e-06,5.315e-06,2.35e-06
5.417e-06,2.42e-06,7.55e-06,5.41e-06,2.86e-06
5.177e-06,2.64e-06,7.21e-06,5.285e-06,2.67e-06
5.092e-06,2.81e-06,7.57e-06,5.17e-06,2.82e-06
5.41e-06,2.41e-06,7.55e-06,5.64e-06,2.92e-06
5.466e-06,2.27e-06,7.55e-06,5.55e-06,2.27e-06
5.18e-06,2.63e-06,7.411e-06,4.93e-06,2.7e-06
6.285e-06,2.01e-06,8.76e-06,6.65e-06,3.97e-06
5.631e-06,2.53e-06,9.971e-06,5.395e-06,2.75e-06
6.084e-06,1.94e-06,8.85e-06,6.455e-06,3.78e-06
5.44e-06,2.42e-06,7.61e-06,5.545e-06,2.97e-06
5.179e-06,2.43e-06,7.06e-06,5.191e-06,2.43e-06
5.495e-06,2.19e-06,7.56e-06,5.581e-06,3.12e-06
5.208e-06,2.64e-06,7.261e-06,5.255e-06,2.67e-06
5.282e-06,2.64e-06,7.67e-06,5.205e-06,2.64e-06
5.224e-06,2.65e-06,7.32e-06,5.21e-06,2.67e-06
5.086e-06,2.44e-06,7.55e-06,5.5e-06,3.18e-06
5.624e-06,2.29e-06,7.83e-06,5.775e-06,2.97e-06
5.345e-06,2.52e-06,7.33e-06,5.49e-06,2.79e-06
5.246e-06,2.57e-06,7.2e-06,5.505e-06,2.57e-06
5.311e-06,2.31e-06,7.521e-06,5.385e-06,2.31e-06
5.529e-06,2.4e-06,7.68e-06,5.62e-06,2.92e-06
5.147e-06,2.74e-06,7.51e-06,4.99e-06,2.8e-06
5.185e-06,2.59e-06,7.17e-06,5.21e-06,2.59e-06
5.341e-06,2.5e-06,7.39e-06,5.385e-06,2.8e-06
5.241e-06,2.48e-06,7.21e-06,5.27e-06,2.48e-06
5.297e-06,2.441e-06,7.86e-06,5.296e-06,2.99e-06
5.183e-06,2.61e-06,7.34e-06,5.18e-06,2.61e-06
5.254e-06,2.58e-06,7.42e-06,5.22e-06,2.69e-06
7.203e-06,1.79e-06,9.7e-06,7.83e-06,1.79e-06
5.091e-06,2.58e-06,7.39e-06,4.85e-06,2.58e-06
5.206e-06,2.43e-06,7.25e-06,5.155e-06,2.43e-06
5.007e-06,2.61e-06,7.39e-06,4.9e-06,2.61e-06
5.319e-06,2.63e-06,7.61e-06,5.265e-06,2.7e-06
5.256e-06,1.981e-06,7.18e-06,5.48e-06,1.981e-06
4.957e-06,2.56e-06,7.37e-06,4.805e-06,2.56e-06
5.156e-06,2.66e-06,7.23e-06,5.16e-06,2.79e-06
5.334e-06,2.45e-06,7.35e-06,5.57e-06,2.771e-06
5.597e-06,2.22e-06,7.84e-06,5.895e-06,2.22e-06
5.471e-06,2.29e-06,7.421e-06,5.6e-06,2.97e-06
5.133e-06,2.301e-06,7.05e-06,5.09e-06,2.301e-06
5.58e-06,2.05e-06,7.581e-06,5.755e-06,3.14e-06
6.214e-06,2.1e-06,8.95e-06,6.445e-06,2.1e-06
5.374e-06,2.44e-06,7.56e-06,5.3e-06,2.77e-06
5.498e-06,2.54e-06,7.46e-06,5.771e-06,2.54e-06
7.372e-06,1.95e-06,1.023e-05,7.99e-06,5.48e-06
5.048e-06,2.57e-06,7.31e-06,5.01e-06,2.57e-06
5.336e-06,2.56e-06,7.43e-06,5.25e-06,2.56e-06
5.934e-06,1.75e-06,8.23e-06,6.04e-06,1.75e-06
5.275e-06,2.59e-06,7.35e-06,5.2e-06,2.66e-06
5.218e-06,2.37e-06,7.3e-06,5.185e-06,2.37e-06
5.41e-06,2.48e-06,7.59e-06,5.365e-06,2.83e-06
5.336e-06,2.4e-06,7.46e-06,5.435e-06,2.9e-06
5.28e-06,2.61e-06,7.42e-06,5.306e-06,2.61e-06
5.381e-06,2.41e-06,7.27e-06,5.655e-06,2.97e-06
5.487e-06,2.25e-06,7.97e-06,5.945e-06,3.98e-06
5.24e-06,2.61e-06,7.15e-06,5.085e-06,2.79e-06
5.61e-06,3.19e-06,7.23e-06,5.38e-06,3.67e-06
4.793e-06,2.17e-06,6.53e-06,4.405e-06,2.17e-06
5.296e-06,2.33e-06,7.48e-06,5.325e-06,2.33e-06
5.386e-06,2.54e-06,7.421e-06,5.425e-06,2.83e-06
5.144e-06,2.61e-06,7.4e-06,5.08e-06,2.61e-06
5.829e-06,2.03e-06,8.02e-06,5.94e-06,3.46e-06
5.312e-06,2.71e-06,7.28e-06,5.3e-06,2.95e-06
5.212e-06,2.36e-06,7.12e-06,5.215e-06,2.36e-06
5.588e-06,2.21e-06,7.83e-06,5.565e-06,3.15e-06
5.302e-06,2.53e-06,7.46e-06,5.29e-06,2.7e-06
5.223e-06,2.62e-06,7.36e-06,5.181e-06,2.62e-06
5.095e-06,2.22e-06,7.71e-06,5.435e-06,3.27e-06
5.537e-06,2.31e-06,7.67e-06,5.67e-06,3.011e-06
7.258e-06,1.95e-06,1.039e-05,8.325e-06,4.68e-06
5.416e-06,2.52e-06,7.59e-06,5.48e-06,2.82e-06
5.258e-06,2.65e-06,7.29e-06,5.27e-06,2.65e-06
5.543e-06,2.64e-06,9.761e-06,5.315e-06,2.64e-06
6.021e-06,1.96e-06,8.29e-06,6.331e-06,4.18e-06
5.355e-06,2.04e-06,7.38e-06,5.51e-06,2.04e-06
5.225e-06,2.5e-06,7.38e-06,5.2e-06,2.5e-06
5.459e-06,2.53e-06,7.52e-06,5.475e-06,2.89e-06
5.239e-06,2.59e-06,7.34e-06,5.275e-06,2.68e-06
5.157e-06,2.19e-06,7.24e-06,4.995e-06,2.19e-06
5.534e-06,2.76e-06,7.52e-06,5.18e-06,4.8e-06
5.144e-06,2.5e-06,7.14e-06,5.101e-06,2.5e-06
5.491e-06,3.05e-06,7.311e-06,5.325e-06,3.57e-06
4.866e-06,2.39e-06,6.78e-06,4.49e-06,2.39e-06
5.175e-06,2.24e-06,7.131e-06,5.141e-06,2.24e-06
5.382e-06,2.54e-06,7.61e-06,5.32e-06,2.54e-06
5.671e-06,2.35e-06,9.691e-06,5.63e-06,3.03e-06
5.79e-06,1.99e-06,8.13e-06,5.995e-06,3.74e-06
5.183e-06,2.61e-06,7.18e-06,5.155e-06,2.63e-06
5.386e-06,2.61e-06,7.63e-06,5.325e-06,2.61e-06
5.639e-06,2.491e-06,7.7e-06,5.69e-06,3.28e-06
5.164e-06,2.57e-06,7.141e-06,5.265e-06,2.57e-06
5.366e-06,2.61e-06,7.47e-06,5.35e-06,2.84e-06
5.527e-06,2.15e-06,7.68e-06,5.675e-06,3.17e-06
4.924e-06,1.98e-06,7.55e-06,5.155e-06,1.98e-06
5.284e-06,2.37e-06,7.22e-06,5.741e-06,2.37e-06
5.986e-06,1.9e-06,8.14e-06,6.255e-06,1.9e-06
5.345e-06,2.54e-06,7.49e-06,5.285e-06,2.54e-06
5.348e-06,2.63e-06,7.331e-06,5.41e-06,2.65e-06
5.35e-06,2.67e-06,7.27e-06,5.365e-06,2.67e-06
5.103e-06,2.23e-06,7.041e-06,5.075e-06,2.23e-06
5.207e-06,2.52e-06,7.31e-06,5.325e-06,2.52e-06
5.368e-06,2.32e-06,7.46e-06,5.516e-06,2.94e-06
5.212e-06,2.61e-06,7.09e-06,5.245e-06,2.69e-06
5.242e-06,2.56e-06,7.54e-06,5.09e-06,2.77e-06
5.218e-06,2.48e-06,7.291e-06,5.39e-06,2.48e-06
5.416e-06,2.57e-06,7.56e-06,5.505e-06,2.65e-06
5.288e-06,2.02e-06,8.121e-06,5.335e-06,2.02e-06
5.642e-06,2.79e-06,7.81e-06,5.44e-06,3.27e-06
5.247e-06,2.56e-06,7.33e-06,5.105e-06,2.8e-06
5.455e-06,2.43e-06,7.57e-06,5.625e-06,2.43e-06
5.45e-06,2.11e-06,7.46e-06,5.426e-06,3.2e-06
5.221e-06,2.59e-06,7.291e-06,5.37e-06,2.72e-06
7.753e-06,1.92e-06,1.238e-05,8.111e-06,7.741e-06
5.284e-06,2.52e-06,7.27e-06,5.4e-06,2.52e-06
5.302e-06,2.59e-06,7.3e-06,5.35e-06,2.79e-06
5.345e-06,2.5e-06,7.45e-06,5.376e-06,2.87e-06
5.234e-06,2.58e-06,7.33e-06,5.075e-06,2.58e-06
5.52e-06,2.4e-06,7.7e-06,5.555e-06,2.96e-06
5.156e-06,2.46e-06,7.231e-06,5.15e-06,2.46e-06
5.308e-06,2.57e-06,7.67e-06,5.626e-06,2.57e-06
5.847e-06,2e-06,7.89e-06,6.07e-06,2e-06
5.303e-06,1.77e-06,7.58e-06,5.27e-06,1.77e-06
5.309e-06,2.59e-06,7.28e-06,5.255e-06,2.59e-06
5.398e-06,2.46e-06,7.53e-06,5.405e-06,2.87e-06
5.288e-06,2.57e-06,7.52e-06,5.165e-06,2.57e-06
5.742e-06,2.02e-06,8.011e-06,5.865e-06,3.51e-06
5.248e-06,2.55e-06,7.01e-06,5.395e-06,2.79e-06
5.286e-06,2.66e-06,7.23e-06,5.325e-06,2.81e-06
5.198e-06,2.62e-06,7.2e-06,5.24e-06,2.62e-06
5.416e-06,2.47e-06,7.45e-06,5.486e-06,2.84e-06
5.231e-06,2.29e-06,7.4e-06,5.045e-06,2.29e-06
5.169e-06,2.61e-06,7.28e-06,5.105e-06,2.74e-06
7.056e-06,1.66e-06,9.35e-06,7.825e-06,1.66e-06
5.274e-06,2.61e-06,7.4e-06,5.205e-06,2.61e-06
5.437e-06,2.44e-06,7.351e-06,5.55e-06,2.79e-06
5.466e-06,2.39e-06,7.71e-06,5.485e-06,2.88e-06
5.66e-06,2.29e-06,7.89e-06,5.845e-06,3.09e-06
5.174e-06,2.57e-06,7.19e-06,5.085e-06,2.57e-06
5.311e-06,2.73e-06,8.031e-06,5.235e-06,2.73e-06
5.293e-06,2.45e-06,7.51e-06,5.495e-06,2.77e-06
5.195e-06,2.64e-06,7.25e-06,5.22e-06,2.68e-06
5.337e-06,2.4e-06,7.54e-06,5.335e-06,2.94e-06
5.292e-06,2.44e-06,7.32e-06,5.29e-06,2.87e-06
5.317e-06,2.43e-06,7.56e-06,5.351e-06,2.43e-06
5.266e-06,2.67e-06,7.35e-06,5.25e-06,2.67e-06
5.829e-06,1.71e-06,8.39e-06,5.505e-06,1.71e-06
5.138e-06,2.57e-06,7.4e-06,4.99e-06,2.57e-06
5.29e-06,2.551e-06,7.4e-06,5.31e-06,2.551e-06
5.335e-06,2.54e-06,7.32e-06,5.4e-06,2.54e-06
5.221e-06,2.45e-06,7.6e-06,5.095e-06,2.45e-06
5.448e-06,2.76e-06,7.53e-06,5.65e-06,2.831e-06
5.513e-06,2.52e-06,7.6e-06,5.685e-06,2.74e-06
5.185e-06,2.29e-06,6.97e-06,5.29e-06,2.29e-06
5.404e-06,2.47e-06,7.5e-06,5.43e-06,2.831e-06
5.241e-06,2.29e-06,7.29e-06,5.26e-06,2.29e-06
5.212e-06,2.59e-06,7.34e-06,5.185e-06,2.59e-06
5.237e-06,2.24e-06,7.41e-06,5.12e-06,2.24e-06
5.697e-06,2.22e-06,7.76e-06,5.9e-06,3.25e-06
6.782e-06,1.71e-06,9.53e-06,7.215e-06,1.71e-06
5.181e-06,2.39e-06,7.08e-06,4.98e-06,2.39e-06
5.401e-06,2.65e-06,7.49e-06,5.475e-06,2.66e-06
5.354e-06,2.21e-06,7.5e-06,5.49e-06,2.21e-06
5.268e-06,2.52e-06,7.32e-06,5.145e-06,2.66e-06
5.277e-06,2.3e-06,7.351e-06,5.17e-06,2.3e-06
5.217e-06,2.32e-06,7.36e-06,5.246e-06,2.32e-06
5.869e-06,1.69e-06,8.19e-06,5.965e-06,1.69e-06
5.231e-06,2.55e-06,7.46e-06,5.1e-06,2.55e-06
5.31e-06,2.5e-06,7.26e-06,5.38e-06,2.7e-06
5.238e-06,2.52e-06,7.281e-06,5.17e-06,2.52e-06
5.386e-06,2.4e-06,7.57e-06,5.555e-06,2.92e-06
5.22e-06,2.1e-06,7.37e-06,5.18e-06,2.1e-06
5.752e-06,2.37e-06,7.7e-06,5.7e-06,5.51e-06
5.272e-06,2.62e-06,7.64e-06,5.205e-06,2.62e-06
5.289e-06,2.64e-06,7.4e-06,5.285e-06,2.91e-06
5.145e-06,2.56e-06,7.02e-06,5.165e-06,2.56e-06
5.257e-06,2.58e-06,7.271e-06,5.2e-06,2.79e-06
5.336e-06,2.68e-06,7.49e-06,5.215e-06,2.73e-06
5.228e-06,2.64e-06,7.27e-06,5.3e-06,2.64e-06
5.463e-06,2.5e-06,7.61e-06,5.5e-06,2.8e-06
5.252e-06,2.64e-06,7.42e-06,5.14e-06,2.66e-06
5.205e-06,2.59e-06,7.11e-06,5.215e-06,2.59e-06
5.28e-06,2.68e-06,7.38e-06,5.37e-06,2.68e-06
5.162e-06,2.46e-06,7.201e-06,4.995e-06,2.46e-06
5.179e-06,2.62e-06,7.34e-06,5.025e-06,2.74e-06
5.462e-06,2.54e-06,7.53e-06,5.51e-06,2.83e-06
7.242e-06,1.69e-06,9.68e-06,7.98e-06,1.69e-06
5.857e-06,2.23e-06,8.13e-06,6.155e-06,3.08e-06
5.373e-06,2.54e-06,7.47e-06,5.385e-06,2.83e-06
5.24e-06,2.371e-06,7.16e-06,5.26e-06,2.371e-06
5.496e-06,2.65e-06,7.591e-06,5.725e-06,2.65e-06
5.211e-06,2.37e-06,7.2e-06,5.13e-06,2.37e-06
5.426e-06,2.501e-06,7.93e-06,5.275e-06,2.871e-06
5.33e-06,2.77e-06,7.66e-06,5.421e-06,2.77e-06
5.201e-06,2.55e-06,7.33e-06,5.215e-06,2.55e-06
5.156e-06,2.561e-06,7.19e-06,5.085e-06,2.561e-06
7.679e-06,2.38e-06,9.8e-06,7.91e-06,2.38e-06
5.478e-06,2.34e-06,7.611e-06,5.505e-06,3.16e-06
5.122e-06,2.6e-06,6.92e-06,5.275e-06,2.6e-06
6.565e-06,2.03e-06,8.57e-06,6.73e-06,2.03e-06
5.397e-06,2.43e-06,7.49e-06,5.4e-06,2.87e-06
5.459e-06,2.49e-06,7.56e-06,5.51e-06,2.87e-06
5.294e-06,2.4e-06,7.48e-06,5.295e-06,2.4e-06
5.362e-06,2.33e-06,7.54e-06,5.15e-06,2.99e-06
5.249e-06,2.58e-06,7.221e-06,5.31e-06,2.76e-06
5.039e-06,2.36e-06,7.2e-06,4.915e-06,2.36e-06
5.311e-06,2.49e-06,7.52e-06,5.33e-06,2.95e-06
5.505e-06,2.13e-06,7.54e-06,5.566e-06,3.06e-06
5.275e-06,2.601e-06,7.29e-06,5.27e-06,2.76e-06
5.156e-06,2.46e-06,7.33e-06,5.045e-06,2.46e-06
5.135e-06,2.23e-06,7.16e-06,5.105e-06,2.23e-06
6.652e-06,2.02e-06,9.051e-06,7.075e-06,4.41e-06
5.344e-06,2.62e-06,7.39e-06,5.35e-06,2.62e-06
